time, average, low, high, open, close, ma, ema, color, macd, macd9, macdh, 
2019-10-23 16:25:00+00:00, 1.1116899999999998, 1.11158, 1.11176, 1.1116, 1.11171, 1.11171, 1.11171, green, 0.0, 0.0, 0.0, 
2019-10-23 16:30:00+00:00, 1.111845, 1.11172, 1.1119, 1.11172, 1.11188, 1.1118233333333334, 1.1118233333333334, green, 0.0, 0.0, 0.0, 
2019-10-23 16:35:00+00:00, 1.111875, 1.1118, 1.11192, 1.11186, 1.11189, 1.1118424999999998, 1.1118424999999998, green, 0.0, 0.0, 0.0, 
2019-10-23 16:40:00+00:00, 1.112025, 1.11186, 1.1121, 1.11188, 1.11207, 1.111924, 1.111924, green, 0.0, 0.0, 0.0, 
2019-10-23 16:45:00+00:00, 1.1120775, 1.11203, 1.1121, 1.11206, 1.11209, 1.111955, 1.111955, green, 0.0, 0.0, 0.0, 
2019-10-23 16:50:00+00:00, 1.111995, 1.11188, 1.1121, 1.11208, 1.112, 1.1119485714285715, 1.1119485714285715, red, 0.0, 0.0, 0.0, 
2019-10-23 16:55:00+00:00, 1.1121, 1.11197, 1.11223, 1.11202, 1.1121, 1.11198, 1.11198, green, 0.0, 0.0, 0.0, 
2019-10-23 17:00:00+00:00, 1.1121050000000001, 1.11202, 1.1122, 1.1121, 1.1121, 1.1119933333333334, 1.1119933333333334, black, 0.0, 0.0, 0.0, 
2019-10-23 17:05:00+00:00, 1.1122275, 1.1121, 1.11241, 1.11212, 1.1122, 1.112024, 1.112024, green, 0.0, 0.0, 0.0, 
2019-10-23 17:10:00+00:00, 1.11214, 1.11208, 1.11224, 1.11219, 1.11212, 1.1120254545454544, 1.1120435647090545, red, 0.0, 0.0, 0.0, 
2019-10-23 17:15:00+00:00, 1.1121400000000001, 1.11205, 1.11219, 1.11214, 1.11216, 1.1120399999999997, 1.1120779566503116, green, 0.0, 0.0, 0.0, 
2019-10-23 17:20:00+00:00, 1.112195, 1.11214, 1.11226, 1.11216, 1.11219, 1.1120824999999999, 1.1121047259647348, green, 1.786439888373792e-05, 3.572879776747584e-06, 1.4291519106990336e-05, 
2019-10-23 17:25:00+00:00, 1.112175, 1.11214, 1.11228, 1.1122, 1.11214, 1.1121, 1.1121059317355702, red, 2.7206196620221945e-05, 8.299543145442455e-06, 1.8906653474779488e-05, 
2019-10-23 17:30:00+00:00, 1.112105, 1.11206, 1.11222, 1.11213, 1.11207, 1.1121091666666667, 1.1120894804187464, red, 2.205495545304359e-05, 1.1050625606962684e-05, 1.1004329846080906e-05, 
2019-10-23 17:35:00+00:00, 1.1119899999999998, 1.11194, 1.11214, 1.11208, 1.11194, 1.1120875000000001, 1.1120428166662177, red, 2.723953472116847e-06, 9.385291179993517e-06, -6.66133770787667e-06, 
2019-10-23 17:40:00+00:00, 1.112095, 1.11188, 1.11218, 1.11194, 1.11216, 1.1121116666666666, 1.1120960119904932, green, 3.090202963540456e-05, 1.3688638871075724e-05, 1.7213390764328836e-05, 
2019-10-23 17:45:00+00:00, 1.1122874999999999, 1.11217, 1.11234, 1.11218, 1.11232, 1.1121516666666669, 1.1121594912245998, green, 6.399855770644614e-05, 2.3750622638149807e-05, 4.024793506829633e-05, 
2019-10-23 17:50:00+00:00, 1.1122874999999999, 1.11224, 1.11239, 1.11234, 1.11226, 1.11216, 1.1121667487843887, red, 6.73691839729873e-05, 3.247433490511731e-05, 3.489484906786999e-05, 
2019-10-23 17:55:00+00:00, 1.1123425, 1.11221, 1.11244, 1.11224, 1.11236, 1.11219, 1.1122154904215753, green, 9.280127744282218e-05, 4.453972341265829e-05, 4.826155403016389e-05, 
2019-10-23 18:00:00+00:00, 1.11244, 1.11226, 1.1125, 1.11234, 1.1125, 1.112226666666667, 1.1122905756222043, green, 0.00013066934168914912, 6.176564706795644e-05, 6.890369462119268e-05, 
2019-10-23 18:05:00+00:00, 1.1125975000000001, 1.11244, 1.11267, 1.11248, 1.11264, 1.1122816666666668, 1.112375948113768, green, 0.0001767142764566021, 8.454224236521793e-05, 9.217203409138416e-05, 
2019-10-23 18:10:00+00:00, 1.1126049999999998, 1.11256, 1.1127, 1.11264, 1.11258, 1.1123116666666666, 1.112406310389908, red, 0.00018935884385329338, 0.00010523426273924884, 8.412458111404454e-05, 
2019-10-23 18:15:00+00:00, 1.112715, 1.11258, 1.11276, 1.11258, 1.11276, 1.1123741666666667, 1.1124985432221088, green, 0.00024008454599067086, 0.00013207562180908778, 0.00010800892418158308, 
2019-10-23 18:20:00+00:00, 1.11266, 1.11254, 1.11284, 1.11276, 1.11263, 1.1124041666666664, 1.1125054153741674, red, 0.0002422369209329478, 0.00015427559335731255, 8.796132757563524e-05, 
2019-10-23 18:25:00+00:00, 1.1127375000000002, 1.11258, 1.11281, 1.11262, 1.11278, 1.1124758333333333, 1.1125783871591752, green, 0.00028564805522290904, 0.00018038974441828508, 0.00010525831080462395, 
2019-10-23 18:30:00+00:00, 1.1127274999999999, 1.11269, 1.11284, 1.1128, 1.11269, 1.1125308333333332, 1.112583312176618, red, 0.0002206290866724192, 0.0001879745834902699, 3.265450318214931e-05, 
2019-10-23 18:35:00+00:00, 1.1127175, 1.11269, 1.11278, 1.1127, 1.1127, 1.1125766666666668, 1.1126052336059482, black, 0.00020687788237316873, 0.00019144288388385006, 1.5434998489318667e-05, 
2019-10-23 18:40:00+00:00, 1.1127175, 1.11268, 1.11279, 1.1127, 1.1127, 1.1126083333333334, 1.1126196285951577, black, 0.00019646642804538317, 0.00019203275305748708, 4.433674987896092e-06, 
2019-10-23 18:45:00+00:00, 1.1125525, 1.11249, 1.11268, 1.11268, 1.11252, 1.1126150000000001, 1.1125718288555708, red, 0.00015949490257338717, 0.000184935350289248, -2.5440447715860832e-05, 
2019-10-23 18:50:00+00:00, 1.1125325, 1.11247, 1.11258, 1.1125, 1.11254, 1.1126316666666665, 1.1125649596366174, green, 0.00014262344400761684, 0.00017545712215901122, -3.2833678151394376e-05, 
2019-10-23 18:55:00+00:00, 1.11276, 1.11248, 1.1129, 1.11254, 1.11283, 1.1126833333333332, 1.112653661781642, green, 0.0001685486742009079, 0.00017324320335776152, -4.6945291568536085e-06, 
2019-10-23 19:00:00+00:00, 1.1129974999999999, 1.11276, 1.11315, 1.11284, 1.11304, 1.1127341666666666, 1.1127521628476384, green, 0.00019583759295005443, 0.00017688513085240592, 1.8952462097648507e-05, 
2019-10-23 19:05:00+00:00, 1.1133499999999998, 1.11304, 1.11348, 1.11306, 1.11344, 1.1128391666666668, 1.112937632631828, green, 0.00026064172017625786, 0.00019367240284024484, 6.696931733601302e-05, 
2019-10-23 19:10:00+00:00, 1.113725, 1.11344, 1.11394, 1.11345, 1.11376, 1.1129491666666667, 1.1131371281448041, green, 0.00032687111313634, 0.00022012433733923652, 0.00010674677579710346, 
2019-10-23 19:15:00+00:00, 1.1135650000000001, 1.11346, 1.11376, 1.11376, 1.11352, 1.1130033333333333, 1.1131734951443357, red, 0.00032332668855983293, 0.0002416189449498501, 8.170774360998284e-05, 
2019-10-23 19:20:00+00:00, 1.1134525, 1.1134, 1.11357, 1.11352, 1.11342, 1.1130483333333332, 1.1132049291338708, red, 0.000317540279712647, 0.00025823830985399976, 5.930196985864722e-05, 
2019-10-23 19:25:00+00:00, 1.1134225, 1.11326, 1.11351, 1.1134, 1.11346, 1.1131158333333333, 1.113260482403394, green, 0.0003240069275953772, 0.00027298817487601433, 5.1018752719362865e-05, 
2019-10-23 19:30:00+00:00, 1.1137875, 1.11343, 1.11404, 1.11348, 1.11384, 1.1132425, 1.1134273154352725, green, 0.0003792627035834606, 0.00029602477342125004, 8.323793016221055e-05, 
2019-10-23 19:35:00+00:00, 1.113625, 1.11356, 1.11382, 1.11382, 1.11356, 1.1132908333333333, 1.1134130133442104, red, 0.0003540590312209879, 0.00030901390587350426, 4.5045125347483654e-05, 
2019-10-23 19:40:00+00:00, 1.1133950000000001, 1.11334, 1.11356, 1.11356, 1.11334, 1.1133408333333332, 1.1133652633197648, red, 0.0003175970175042231, 0.0003115132597232379, 6.083757780985194e-06, 
2019-10-23 19:45:00+00:00, 1.1134374999999999, 1.11336, 1.11347, 1.11336, 1.11346, 1.1134275, 1.113397553029998, green, 0.0003174821740195011, 0.00031234565937615156, 5.136514643349515e-06, 
2019-10-23 19:50:00+00:00, 1.1133600000000001, 1.11332, 1.11346, 1.11344, 1.11333, 1.1134583333333332, 1.1133574504671022, red, 0.00028521875189269075, 0.0003056216811005401, -2.0402929207849376e-05, 
2019-10-23 19:55:00+00:00, 1.1133, 1.11324, 1.11332, 1.11332, 1.11332, 1.1134808333333333, 1.1133405623484303, black, 0.0002607250117208082, 0.000293961103704953, -3.323609198414482e-05, 
2019-10-23 20:00:00+00:00, 1.11329, 1.11322, 1.11334, 1.1133, 1.1133, 1.1134674999999998, 1.1133250060375992, black, 0.00023219154284537247, 0.0002800608203424632, -4.786927749709071e-05, 
2019-10-23 20:05:00+00:00, 1.1132549999999999, 1.11319, 1.11335, 1.11331, 1.11324, 1.1134191666666666, 1.1132995371085361, red, 0.00019913816882111135, 0.00026291033374501723, -6.377216492390588e-05, 
2019-10-23 20:10:00+00:00, 1.113165, 1.11314, 1.11324, 1.11322, 1.11314, 1.1133791666666666, 1.113255776538138, red, 0.00016310353339266115, 0.00024239119758414398, -7.928766419148283e-05, 
2019-10-23 20:15:00+00:00, 1.1130399999999998, 1.11299, 1.11313, 1.11313, 1.11302, 1.1133358333333334, 1.1131928570629983, red, 0.00012576339800318692, 0.00021878039819926877, -9.301700019608185e-05, 
2019-10-23 20:20:00+00:00, 1.113025, 1.11299, 1.11305, 1.11301, 1.11303, 1.1133008333333334, 1.1131708203325872, green, 0.00010423527878455907, 0.0001967939147963061, -9.255863601174703e-05, 
2019-10-23 20:25:00+00:00, 1.1130625, 1.11305, 1.11308, 1.11305, 1.11306, 1.1132383333333333, 1.113165912883678, green, 8.806949884010429e-05, 0.00017665058700103386, -8.858108816092958e-05, 
2019-10-23 20:30:00+00:00, 1.11309, 1.113, 1.11316, 1.11305, 1.1131, 1.113203333333333, 1.1131673950306997, green, 8.346568234229856e-05, 0.00015965412374872778, -7.618844140642921e-05, 
2019-10-23 20:35:00+00:00, 1.1131550000000001, 1.11308, 1.11318, 1.11311, 1.11318, 1.1131966666666664, 1.1131892502158125, green, 9.135791258430004e-05, 0.00014741670671860528, -5.605879413430524e-05, 
2019-10-23 20:40:00+00:00, 1.1131, 1.11306, 1.11318, 1.11318, 1.11308, 1.1131566666666666, 1.1131576146326725, red, 7.722660984055274e-05, 0.00013417835380648513, -5.695174396593239e-05, 
2019-10-23 20:45:00+00:00, 1.1130375, 1.11302, 1.11309, 1.11309, 1.11302, 1.1131258333333334, 1.1131223971900057, red, 6.658419330518583e-05, 0.0001216551755714547, -5.5070982266268865e-05, 
2019-10-23 20:50:00+00:00, 1.11305, 1.113, 1.1131, 1.11302, 1.11305, 1.1131058333333332, 1.1131151878323944, green, 6.322857062857068e-05, 0.0001111743225837091, -4.794575195513842e-05, 
2019-10-23 20:55:00+00:00, 1.1130624999999998, 1.11302, 1.11311, 1.11304, 1.11306, 1.1130866666666668, 1.1131098920614746, green, 5.925614209134622e-05, 0.00010197547873804137, -4.271933664669515e-05, 
2019-10-23 21:00:00+00:00, 1.1130149999999999, 1.11294, 1.11314, 1.11306, 1.11299, 1.11306, 1.1130810288265547, red, 4.318983679163502e-05, 9.054468084564017e-05, -4.735484405400515e-05, 
2019-10-23 21:05:00+00:00, 1.113035, 1.11293, 1.11307, 1.11296, 1.11307, 1.1130608333333332, 1.113087979158855, green, 4.340389457979654e-05, 8.131946783074541e-05, -3.791557325094887e-05, 
2019-10-23 21:10:00+00:00, 1.1130849999999999, 1.11304, 1.11312, 1.11304, 1.11309, 1.1130683333333333, 1.1130898308332025, green, 4.587075924211703e-05, 7.442416821276847e-05, -2.8553408970651435e-05, 
2019-10-23 21:15:00+00:00, 1.1131625, 1.11311, 1.11318, 1.11311, 1.11318, 1.1130883333333335, 1.113119418121452, green, 6.0619310237042257e-05, 7.122968456739988e-05, -1.0610374330357627e-05, 
2019-10-23 21:25:00+00:00, 1.1132374999999999, 1.11311, 1.11328, 1.11316, 1.11328, 1.1131149999999999, 1.113160215640648, green, 7.81594617447201e-05, 7.187113562823269e-05, 6.2883261164874165e-06, 
2019-10-23 21:30:00+00:00, 1.11322, 1.1132, 1.11328, 1.11326, 1.1132, 1.1131166666666665, 1.1131544362261219, red, 6.725628700543496e-05, 7.015931919064412e-05, -2.9030321852091648e-06, 
2019-10-23 21:35:00+00:00, 1.113195, 1.11318, 1.1132, 1.11318, 1.1132, 1.1131183333333332, 1.1131617917551826, green, 6.388760040243469e-05, 6.812131432222491e-05, -4.233713919790227e-06, 
2019-10-23 21:40:00+00:00, 1.1132, 1.11318, 1.11322, 1.11321, 1.1132, 1.113128333333333, 1.1131670155524929, red, 6.476989591552851e-05, 6.670638814861252e-05, -1.936492233084008e-06, 
2019-10-23 21:45:00+00:00, 1.113195, 1.11318, 1.1132, 1.11318, 1.1132, 1.1131433333333332, 1.1131713751152408, green, 6.168775195014575e-05, 6.513743260178856e-05, -3.4496806516428095e-06, 
2019-10-23 21:50:00+00:00, 1.1132125, 1.1132, 1.11325, 1.11322, 1.1132, 1.1131558333333331, 1.1131766163026422, red, 5.7012825795288435e-05, 6.338608097192405e-05, -6.373255176635615e-06, 
2019-10-23 21:55:00+00:00, 1.1132050000000002, 1.11318, 1.11322, 1.11318, 1.11321, 1.1131691666666665, 1.113184576961002, green, 5.2786533886850506e-05, 6.12119528212238e-05, -8.425418934373291e-06, 
2019-10-23 22:00:00+00:00, 1.1132225, 1.11306, 1.11331, 1.11322, 1.11326, 1.1131958333333334, 1.1132058993508813, green, 5.5291183931993615e-05, 6.0003794381189214e-05, -4.712610449195599e-06, 
2019-10-23 22:05:00+00:00, 1.1132624999999998, 1.11324, 1.11329, 1.11328, 1.11326, 1.1132116666666667, 1.1132146603874773, red, 5.2833448265010574e-05, 5.831255787300254e-05, -5.479109607991967e-06, 
2019-10-23 22:10:00+00:00, 1.1132525, 1.11323, 1.11332, 1.11327, 1.11323, 1.1132208333333333, 1.1132105668466288, red, 4.553916128013924e-05, 5.510560968385168e-05, -9.566448403712438e-06, 
2019-10-23 22:15:00+00:00, 1.1131875, 1.11318, 1.11321, 1.11321, 1.11318, 1.1132166666666667, 1.1131953958895648, red, 3.390253214585748e-05, 5.0514180595027896e-05, -1.6611648449170418e-05, 
2019-10-23 22:20:00+00:00, 1.113195, 1.11318, 1.11324, 1.1132, 1.11318, 1.1132083333333334, 1.1131918144950534, red, 2.620389125684852e-05, 4.547047271526645e-05, -1.926658145841793e-05, 
2019-10-23 22:25:00+00:00, 1.1131275, 1.1131, 1.11317, 1.11317, 1.11312, 1.1131966666666668, 1.1131701494394317, red, 1.163596642994591e-05, 3.855339502138536e-05, -2.6917428591439452e-05, 
2019-10-23 22:30:00+00:00, 1.11313, 1.11312, 1.11314, 1.11313, 1.11313, 1.1131916666666666, 1.113164691552691, black, 4.169945694076915e-06, 3.1627138458757305e-05, -2.745719276468039e-05, 
2019-10-23 22:35:00+00:00, 1.11308, 1.11304, 1.11312, 1.11312, 1.11308, 1.1131775, 1.1131424416784337, red, -9.782754871956456e-06, 2.3598217806388844e-05, -3.33809726783453e-05, 
2019-10-23 22:40:00+00:00, 1.1131225, 1.11307, 1.11314, 1.11307, 1.11314, 1.1131775, 1.1131526831759273, green, -8.896577474271083e-06, 1.7440774800021412e-05, -2.6337352274292496e-05, 
2019-10-23 22:45:00+00:00, 1.1131700000000002, 1.11312, 1.11322, 1.11314, 1.11317, 1.1131775000000002, 1.1131609666524762, green, -6.210045724541757e-06, 1.3013441365432414e-05, -1.922348708997417e-05, 
2019-10-23 22:50:00+00:00, 1.1132275, 1.11318, 1.11325, 1.11318, 1.11324, 1.113185833333333, 1.113186617263796, green, 2.5131384215892894e-06, 1.105368455273195e-05, -8.54054613114266e-06, 
2019-10-23 22:55:00+00:00, 1.113255, 1.11324, 1.1133, 1.11325, 1.11324, 1.1131841666666664, 1.1131967265077314, red, 3.81887676281778e-06, 9.549251068169906e-06, -5.730374305352126e-06, 
2019-10-23 23:00:00+00:00, 1.11325, 1.11324, 1.11328, 1.11324, 1.11324, 1.1131825, 1.1132043255541508, black, 5.44109035738316e-06, 8.874283483619202e-06, -3.4331931262360413e-06, 
2019-10-23 23:05:00+00:00, 1.1132724999999999, 1.11323, 1.1133, 1.11323, 1.11328, 1.1131899999999997, 1.1132245971219923, green, 1.0712458858641583e-05, 9.431187526646208e-06, 1.2812713319953749e-06, 
2019-10-23 23:10:00+00:00, 1.11321, 1.11316, 1.11328, 1.11328, 1.1132, 1.1131849999999999, 1.1132093973043429, red, 4.062667420257071e-07, 7.863720665915152e-06, -7.457453923889445e-06, 
2019-10-23 23:15:00+00:00, 1.1131775, 1.11316, 1.11319, 1.11319, 1.11318, 1.1131833333333334, 1.1132019448219346, red, -5.254962814449371e-06, 5.454060507551351e-06, -1.0709023322000722e-05, 
2019-10-23 23:20:00+00:00, 1.1132050000000002, 1.11314, 1.11324, 1.11318, 1.11322, 1.1131950000000002, 1.1132124245334005, green, -2.601189128537129e-06, 4.1217133322178505e-06, -6.72290246075498e-06, 
2019-10-23 23:25:00+00:00, 1.11319, 1.11318, 1.11322, 1.11321, 1.11318, 1.1131958333333334, 1.1132008720536666, red, -5.916736831590441e-06, 2.2459549967579246e-06, -8.162691828348365e-06, 
2019-10-23 23:30:00+00:00, 1.1132275, 1.11317, 1.11326, 1.11317, 1.11324, 1.1132141666666666, 1.1132165941004302, green, 5.2664659182521945e-06, 2.7286082115601575e-06, 2.537857706692037e-06, 
2019-10-23 23:35:00+00:00, 1.11324, 1.1132, 1.11326, 1.11324, 1.11325, 1.1132241666666667, 1.1132222979167326, green, 9.910109744382112e-06, 3.7926057562824038e-06, 6.1175039880997084e-06, 
2019-10-23 23:40:00+00:00, 1.1132825, 1.11323, 1.11334, 1.11324, 1.11328, 1.1132358333333332, 1.113235345543725, green, 1.6489236651873185e-05, 5.902745229978821e-06, 1.0586491421894365e-05, 
2019-10-23 23:45:00+00:00, 1.113255, 1.11324, 1.11328, 1.11327, 1.11325, 1.1132341666666667, 1.113231995117643, red, 1.5049587844373491e-05, 7.33267568140286e-06, 7.71691216297063e-06, 
2019-10-23 23:50:00+00:00, 1.113255, 1.11318, 1.11328, 1.11324, 1.11328, 1.11324, 1.1132438906655278, green, 2.2024463862235777e-05, 9.838626267822133e-06, 1.2185837594413644e-05, 
2019-10-23 23:55:00+00:00, 1.1132250000000001, 1.11318, 1.11328, 1.11326, 1.11322, 1.1132333333333333, 1.1132304501947918, red, 1.560408244594136e-05, 1.08533157594909e-05, 4.750766686450458e-06, 
2019-10-24 00:00:00+00:00, 1.1130925, 1.11298, 1.11323, 1.11323, 1.11308, 1.113205, 1.1131831735191688, red, -6.798566211108081e-06, 7.329926208052405e-06, -1.4128492419160487e-05, 
2019-10-24 00:05:00+00:00, 1.112995, 1.11296, 1.11308, 1.11307, 1.11297, 1.1131766666666667, 1.1131285276788363, red, -2.8987055643581172e-05, 2.218227946640356e-07, -2.920887843824521e-05, 
2019-10-24 00:10:00+00:00, 1.113045, 1.11294, 1.11308, 1.11296, 1.11308, 1.1131775000000002, 1.1131378768039246, green, -2.325115096346586e-05, -4.269718756199805e-06, -1.8981432207266057e-05, 
2019-10-24 00:15:00+00:00, 1.113005, 1.11294, 1.11312, 1.1131, 1.11298, 1.1131491666666669, 1.1130948825038234, red, -3.982877645780647e-05, -1.1343074645909421e-05, -2.848570181189705e-05, 
2019-10-24 00:20:00+00:00, 1.112945, 1.11292, 1.11298, 1.11296, 1.11294, 1.1131258333333334, 1.1130610893804918, red, -5.0785256262342315e-05, -1.934431566887257e-05, -3.144094059346975e-05, 
2019-10-24 00:25:00+00:00, 1.11305, 1.11296, 1.11308, 1.11296, 1.11308, 1.1131241666666667, 1.1130845964212988, green, -3.713893535661761e-05, -2.3091946602666433e-05, -1.4046988753951175e-05, 
2019-10-24 00:30:00+00:00, 1.113105, 1.11304, 1.11314, 1.11307, 1.11312, 1.1131166666666668, 1.1130966538827327, green, -2.912751961670068e-05, -2.4456993904595315e-05, -4.670525712105366e-06, 
2019-10-24 00:35:00+00:00, 1.1130975, 1.11309, 1.1131, 1.1131, 1.1131, 1.1131, 1.1130936515708147, black, -2.9029829822668773e-05, -2.5662661184333086e-05, -3.3671686383356873e-06, 
2019-10-24 00:40:00+00:00, 1.113175, 1.1131, 1.1132, 1.1131, 1.1132, 1.1131041666666668, 1.1131274481690414, green, -1.3364741924037915e-05, -2.3230142848659824e-05, 9.86540092462191e-06, 
2019-10-25 10:05:00+00:00, 1.1118425, 1.11179, 1.11196, 1.11182, 1.11181, 1.111865, 1.111801421673918, red, 7.934792758246267e-05, 0.00013200723806907185, -5.265931048660917e-05, 
2019-10-24 00:50:00+00:00, 1.1130950000000002, 1.11304, 1.11324, 1.1132, 1.11305, 1.1130725, 1.11310919811205, red, -2.2783418176075543e-05, -1.9333937392172337e-05, -3.4494807839032057e-06, 
2019-10-24 00:55:00+00:00, 1.113145, 1.11304, 1.11318, 1.11307, 1.11318, 1.1130916666666666, 1.113142387702891, green, -5.46635553999586e-06, -1.606760372114584e-05, 1.060124818114998e-05, 
2019-10-24 01:00:00+00:00, 1.1133600000000001, 1.11316, 1.11344, 1.11316, 1.11342, 1.1131491666666666, 1.1132308382451304, green, 3.3933894869830894e-05, -5.59518583763232e-06, 3.9529080707463215e-05, 
2019-10-24 01:05:00+00:00, 1.113515, 1.11338, 1.1136, 1.11344, 1.11354, 1.1131975, 1.113306318345085, green, 6.545626151277517e-05, 9.014184857983456e-06, 5.644207665479171e-05, 
2019-10-24 01:10:00+00:00, 1.1136549999999998, 1.1135, 1.11372, 1.11353, 1.1137, 1.1132708333333334, 1.1134007085823936, green, 0.00010578048686227248, 2.832457350205582e-05, 7.745591336021667e-05, 
2019-10-24 01:15:00+00:00, 1.113615, 1.11356, 1.11368, 1.11368, 1.11361, 1.1133191666666666, 1.1134231244798038, red, 0.00011274559590468414, 4.493184365872559e-05, 6.781375224595854e-05, 
2019-10-24 01:20:00+00:00, 1.1135475000000001, 1.11351, 1.1136, 1.1136, 1.11354, 1.1133516666666667, 1.1134319448917536, red, 0.00011080949463493361, 5.759349379982578e-05, 5.3216000835107835e-05, 
2019-10-24 01:25:00+00:00, 1.1135, 1.11346, 1.1136, 1.11352, 1.11347, 1.113375, 1.1134245645118197, red, 0.00010167921475012776, 6.56533384624828e-05, 3.602587628764495e-05, 
2019-10-24 01:30:00+00:00, 1.1135325000000003, 1.11345, 1.11356, 1.11346, 1.11356, 1.1134208333333333, 1.1134590823793349, green, 0.00011004093121358416, 7.392118616422154e-05, 3.6119745049362616e-05, 
2019-10-24 01:35:00+00:00, 1.1135875, 1.11356, 1.11367, 1.11358, 1.11356, 1.1134508333333333, 1.1134776876779366, red, 0.00010870970424314841, 8.081797865748813e-05, 2.7891725585660275e-05, 
2019-10-24 01:40:00+00:00, 1.113655, 1.11358, 1.11368, 1.11358, 1.11368, 1.1134991666666667, 1.1135325551745285, green, 0.00012376166263150523, 8.907216678409905e-05, 3.468949584740618e-05, 
2019-10-24 01:45:00+00:00, 1.11373, 1.11366, 1.11378, 1.1137, 1.11374, 1.1135616666666668, 1.1135758250485728, green, 0.00013599322346569132, 9.795203484359295e-05, 3.8041188622098366e-05, 
2019-10-24 01:50:00+00:00, 1.1137875, 1.11376, 1.11381, 1.11376, 1.11379, 1.1136166666666665, 1.1136196864462387, green, 0.0001461629141485954, 0.000107097191551325, 3.9065722597270397e-05, 
2019-10-24 01:55:00+00:00, 1.1138325, 1.11374, 1.11387, 1.11378, 1.11386, 1.1136591666666666, 1.1136714221752673, green, 0.00015843735273968207, 0.00011653031303213556, 4.190703970754651e-05, 
2019-10-24 02:00:00+00:00, 1.1140575, 1.11384, 1.11419, 1.11384, 1.1141, 1.1137258333333335, 1.1137836424843062, green, 0.0001959786934326857, 0.00013180878025761006, 6.416991317507564e-05, 
2019-10-24 02:05:00+00:00, 1.11392, 1.11386, 1.1141, 1.11408, 1.11386, 1.113719166666667, 1.1137619453993046, red, 0.0001715962082156075, 0.00013959985177619527, 3.199635643941223e-05, 
2019-10-24 02:10:00+00:00, 1.1139375, 1.11386, 1.11399, 1.11386, 1.11395, 1.113755, 1.1138117131276615, green, 0.00018045788975507016, 0.00014789744608937716, 3.2560443665693e-05, 
2019-10-24 02:15:00+00:00, 1.1139575, 1.11389, 1.11398, 1.11394, 1.11398, 1.1137941666666666, 1.1138475312506615, green, 0.0001867846805592155, 0.00015591917631838093, 3.086550424083456e-05, 
2019-10-24 02:20:00+00:00, 1.1141275, 1.11396, 1.11419, 1.11398, 1.11418, 1.11387, 1.113939100928554, green, 0.00021576708806336775, 0.00016875751834515929, 4.7009569718208465e-05, 
2019-10-24 02:25:00+00:00, 1.114105, 1.11402, 1.11416, 1.11416, 1.11412, 1.1139116666666664, 1.1139662312793348, red, 0.00021414788500528914, 0.00017865871725492513, 3.548916775036401e-05, 
2019-10-24 02:30:00+00:00, 1.113955, 1.11388, 1.1141, 1.1141, 1.11392, 1.1139249999999998, 1.1139303710677908, red, 0.00018732819452527139, 0.00018086766853805649, 6.4605259872149e-06, 
2019-10-24 02:35:00+00:00, 1.113885, 1.11384, 1.11394, 1.11394, 1.11388, 1.1139383333333333, 1.113915152289906, red, 0.00016984486664628484, 0.00017885114305395662, -9.006276407671777e-06, 
2019-10-24 02:40:00+00:00, 1.11382, 1.1138, 1.11388, 1.11388, 1.1138, 1.1139366666666666, 1.113880725957817, red, 0.0001450341954516432, 0.00017176870720467583, -2.673451175303263e-05, 
2019-10-24 02:45:00+00:00, 1.11381, 1.11378, 1.11386, 1.11382, 1.1138, 1.1139374999999998, 1.113860451308232, red, 0.00013174106742686043, 0.00016304943126543652, -3.1308363838576094e-05, 
2019-10-24 02:50:00+00:00, 1.1137199999999998, 1.1137, 1.11378, 1.11378, 1.1137, 1.1139158333333332, 1.1138156323891444, red, 0.0001048333198658824, 0.00015126048099935952, -4.642716113347712e-05, 
2019-10-24 02:55:00+00:00, 1.11374, 1.1137, 1.11378, 1.11371, 1.11374, 1.1138891666666666, 1.1138076237024543, green, 9.019118119901748e-05, 0.00013911263311201718, -4.89214519129997e-05, 
2019-10-24 03:00:00+00:00, 1.113765, 1.11374, 1.1138, 1.11376, 1.11376, 1.1138824999999999, 1.1138033454652347, black, 8.06643333688406e-05, 0.00012752377127822867, -4.6859437909388066e-05, 
2019-10-24 03:05:00+00:00, 1.1136424999999999, 1.11358, 1.11379, 1.11378, 1.1136, 1.11384, 1.113741814209642, red, 4.783403095420802e-05, 0.00011158959758213324, -6.375556662792522e-05, 
2019-10-24 03:10:00+00:00, 1.11355, 1.11352, 1.1136, 1.11358, 1.11354, 1.1137983333333332, 1.1136976127292724, red, 2.4832245183681323e-05, 9.435605932804705e-05, -6.952381414436573e-05, 
2019-10-24 03:15:00+00:00, 1.113575, 1.11352, 1.11362, 1.11353, 1.11358, 1.1137516666666667, 1.1136855519966857, green, 1.6357565327140833e-05, 7.928144127728746e-05, -6.292387595014663e-05, 
2019-10-24 03:20:00+00:00, 1.1135725, 1.11355, 1.1136, 1.11356, 1.11357, 1.113705, 1.1136666479036215, green, 7.987174043266876e-06, 6.575770390159695e-05, -5.7770529858330074e-05, 
2019-10-24 03:25:00+00:00, 1.1135950000000001, 1.11356, 1.11362, 1.11358, 1.1136, 1.1136808333333332, 1.1136631358205624, green, 7.767062344621323e-06, 5.5078278977528494e-05, -4.731121663290717e-05, 
2019-10-24 03:30:00+00:00, 1.1135975, 1.11356, 1.11361, 1.11358, 1.11361, 1.1136591666666666, 1.11365818870077, green, 7.919247912546723e-06, 4.6123935822466054e-05, -3.820468790991933e-05, 
2019-10-24 03:35:00+00:00, 1.1136125, 1.11358, 1.11363, 1.1136, 1.11362, 1.113645, 1.1136536861393316, green, 9.663003614379662e-06, 3.980225616328184e-05, -3.0139252548902178e-05, 
2019-10-24 03:40:00+00:00, 1.1136525000000002, 1.11362, 1.11367, 1.11362, 1.11366, 1.1136366666666664, 1.1136635464656763, green, 1.5653283829575315e-05, 3.578637295315718e-05, -2.0133089123581865e-05, 
2019-10-24 03:45:00+00:00, 1.1136525000000002, 1.11362, 1.11367, 1.11365, 1.11366, 1.1136333333333333, 1.1136639404358974, green, 1.9327054940232458e-05, 3.3058497440751596e-05, -1.3731442500519138e-05, 
2019-10-24 03:50:00+00:00, 1.1136300000000001, 1.11362, 1.11366, 1.11364, 1.11362, 1.11362, 1.113651931765236, red, 1.575496368722007e-05, 2.9804726292851966e-05, -1.4049762605631896e-05, 
2019-10-24 03:55:00+00:00, 1.11361, 1.11356, 1.11366, 1.11362, 1.11361, 1.1136066666666666, 1.1136417936434189, red, 1.1482380424698846e-05, 2.6144882168719028e-05, -1.4662501744020182e-05, 
2019-10-24 04:00:00+00:00, 1.113565, 1.11354, 1.11362, 1.1136, 1.11355, 1.1135974999999998, 1.1136139540543115, red, 4.064268017911488e-06, 2.1669799580526815e-05, -1.7605531562615327e-05, 
2019-10-24 04:05:00+00:00, 1.1135350000000002, 1.11348, 1.11358, 1.11354, 1.11354, 1.1135966666666668, 1.1135982747803492, black, 1.301479536142125e-06, 1.7387828989744724e-05, -1.60863494536026e-05, 
2019-10-24 04:10:00+00:00, 1.1135675, 1.11352, 1.11359, 1.11354, 1.11358, 1.1136000000000001, 1.1135995093160422, green, 2.864994825158007e-06, 1.4164825783753195e-05, -1.1299830958595188e-05, 
2019-10-24 04:15:00+00:00, 1.11365, 1.11358, 1.1137, 1.1136, 1.11366, 1.1136141666666666, 1.1136212963407008, green, 9.77593931783538e-06, 1.2755622794565531e-05, -2.979683476730151e-06, 
2019-10-24 04:20:00+00:00, 1.113655, 1.11364, 1.11366, 1.11366, 1.11366, 1.1136191666666666, 1.1136266468762717, black, 8.64958907742519e-06, 1.1414150993137245e-05, -2.7645619157120546e-06, 
2019-10-24 04:25:00+00:00, 1.1137, 1.11366, 1.11374, 1.11366, 1.1137, 1.11363, 1.11364471212442, green, 1.5552530805873488e-05, 1.1584597944396538e-05, 3.96793286147695e-06, 
2019-10-24 04:30:00+00:00, 1.1137199999999998, 1.1137, 1.11378, 1.1137, 1.1137, 1.1136366666666666, 1.1136529068785093, black, 1.6970152823203577e-05, 1.1880406826033522e-05, 5.089745997170055e-06, 
2019-10-24 04:35:00+00:00, 1.1137475000000001, 1.1137, 1.11379, 1.11372, 1.11375, 1.1136483333333331, 1.113676116160996, green, 2.331197562788212e-05, 1.3734690597491828e-05, 9.577285030390291e-06, 
2019-10-24 04:40:00+00:00, 1.113665, 1.11362, 1.11374, 1.11374, 1.11365, 1.1136391666666665, 1.1136565283979298, red, 1.032474065043587e-05, 1.2918992469794231e-05, -2.5942518193583607e-06, 
2019-10-24 04:45:00+00:00, 1.11366, 1.11364, 1.11368, 1.11366, 1.11366, 1.1136433333333333, 1.1136601748224384, black, 8.132083956891023e-06, 1.2002970220826156e-05, -3.870886263935133e-06, 
2019-10-24 04:50:00+00:00, 1.113655, 1.11364, 1.11368, 1.11364, 1.11365, 1.1136458333333332, 1.1136579615803452, green, 3.1047144459783738e-06, 1.0385802004810504e-05, -7.28108755883213e-06, 
2019-10-24 04:55:00+00:00, 1.113495, 1.11344, 1.11366, 1.11366, 1.11344, 1.1136191666666668, 1.1135878135697093, red, -3.0453647520634064e-05, 2.3450832576644685e-06, -3.279873077829853e-05, 
2019-10-24 05:00:00+00:00, 1.1134149999999998, 1.11337, 1.11349, 1.11343, 1.1134, 1.1136041666666667, 1.1135471775121897, red, -4.773536225766151e-05, -7.643176008420886e-06, -4.009218624924062e-05, 
2019-10-24 05:05:00+00:00, 1.113485, 1.11338, 1.11352, 1.11338, 1.11352, 1.1136091666666668, 1.113559561884442, green, -4.2375929815374747e-05, -1.45689260230456e-05, -2.780700379232915e-05, 
2019-10-24 05:10:00+00:00, 1.113495, 1.11344, 1.11356, 1.11352, 1.11349, 1.1135925, 1.1135414737818425, red, -5.1390654377314604e-05, -2.208718240981649e-05, -2.9303471967498114e-05, 
2019-10-24 05:15:00+00:00, 1.1135000000000002, 1.11346, 1.11356, 1.11348, 1.11349, 1.1135783333333333, 1.113530795048022, green, -5.553422624360316e-05, -2.9002502535281303e-05, -2.6531723708321854e-05, 
2019-10-24 05:20:00+00:00, 1.1134325, 1.1134, 1.11353, 1.11348, 1.1134, 1.1135458333333335, 1.113491853660289, red, -7.110920154795863e-05, -3.7679173438284604e-05, -3.343002810967403e-05, 
2019-10-24 05:25:00+00:00, 1.11352, 1.1134, 1.11356, 1.11341, 1.11356, 1.1135475, 1.1135281311035314, green, -5.3800590501751344e-05, -4.0917587156984106e-05, -1.2883003344767238e-05, 
2019-10-24 05:30:00+00:00, 1.1135625, 1.11355, 1.11358, 1.11356, 1.11356, 1.1135316666666666, 1.1135341087628434, black, -5.0580045434900356e-05, -4.2730875590021046e-05, -7.84916984487931e-06, 
2019-10-24 05:35:00+00:00, 1.113575, 1.11354, 1.1136, 1.11358, 1.11358, 1.1135275000000002, 1.1135466499274174, black, -4.4562163687755785e-05, -4.286461671074668e-05, -1.6975469770091038e-06, 
2019-10-24 05:40:00+00:00, 1.1134499999999998, 1.1134, 1.1136, 1.11358, 1.1134, 1.1134908333333335, 1.1134971201540629, red, -6.680639496070562e-05, -4.7038027481073494e-05, -1.9768367479632124e-05, 
2019-10-24 05:45:00+00:00, 1.113335, 1.1133, 1.11344, 1.11341, 1.1133, 1.1134533333333336, 1.1134499726152445, red, -8.55900613145888e-05, -5.412975067621405e-05, -3.1460310638374744e-05, 
2019-10-24 05:50:00+00:00, 1.1134300000000001, 1.11328, 1.11356, 1.1133, 1.11344, 1.1134650000000001, 1.1134697191167506, green, -7.141490087314573e-05, -5.718677444990185e-05, -1.4228126423243876e-05, 
2019-10-24 05:55:00+00:00, 1.1133024999999999, 1.11316, 1.11345, 1.11345, 1.1133, 1.1134450000000002, 1.1134187556862722, red, -8.697370320653874e-05, -6.289173774876089e-05, -2.4081965457777854e-05, 
2019-10-24 06:00:00+00:00, 1.1132724999999999, 1.11312, 1.11341, 1.11328, 1.11328, 1.1134233333333334, 1.1133903199747, black, -9.322339323092343e-05, -6.887701859373002e-05, -2.434637463719342e-05, 
2019-10-24 06:05:00+00:00, 1.1133175, 1.11317, 1.11338, 1.11327, 1.11336, 1.1134191666666666, 1.1133969524978058, green, -8.470100366975153e-05, -7.208577751465945e-05, -1.2615226155092077e-05, 
2019-10-24 06:10:00+00:00, 1.11331, 1.11318, 1.11342, 1.11335, 1.11332, 1.1134016666666666, 1.1133740899103246, red, -8.839482781142216e-05, -7.56859916978501e-05, -1.2708836113572056e-05, 
2019-10-24 06:15:00+00:00, 1.1134, 1.11328, 1.11344, 1.1133, 1.11344, 1.113415, 1.1134018839012376, green, -6.874461300476753e-05, -7.483310466580974e-05, 6.088491661042215e-06, 
2019-10-24 06:20:00+00:00, 1.1134825, 1.1134, 1.11355, 1.11344, 1.11349, 1.1134133333333336, 1.1134227277397772, green, -5.584747306630611e-05, -7.174330535708628e-05, 1.589583229078017e-05, 
2019-10-24 06:25:00+00:00, 1.1133775, 1.11321, 1.1135, 1.1135, 1.1134, 1.1133925, 1.113404510398605, red, -6.070137267055742e-05, -6.961857525008923e-05, 8.917202579531813e-06, 
2019-10-24 06:30:00+00:00, 1.1135425, 1.11338, 1.11361, 1.11341, 1.11359, 1.1134091666666668, 1.113469115530342, green, -3.184609339390576e-05, -6.177434012343035e-05, 2.992824672952459e-05, 
2019-10-24 06:35:00+00:00, 1.11356, 1.11344, 1.11362, 1.1136, 1.11359, 1.113425, 1.113492365505353, red, -1.7051476627782947e-05, -5.290197660764214e-05, 3.5850499979859195e-05, 
2019-10-24 06:40:00+00:00, 1.1134125000000001, 1.11325, 1.11364, 1.1136, 1.11338, 1.1134141666666666, 1.11344199116651, red, -3.405532446398851e-05, -4.897140640834664e-05, 1.491608194435813e-05, 
2019-10-24 06:45:00+00:00, 1.1135025, 1.11338, 1.11355, 1.1134, 1.11354, 1.1134358333333334, 1.113484993576537, green, -1.40399023895732e-05, -4.1793641282417696e-05, 2.7753738892844496e-05, 
2019-10-24 06:50:00+00:00, 1.113355, 1.11328, 1.11358, 1.11356, 1.11328, 1.1134125, 1.1134090321102499, red, -4.160740759751036e-05, -4.154674774380293e-05, -6.065985370743012e-08, 
2019-10-24 06:55:00+00:00, 1.1134075, 1.11305, 1.11354, 1.11327, 1.11352, 1.1134525, 1.1134662304339373, green, -1.2222984304477436e-05, -3.5726943061233295e-05, 2.350395875675586e-05, 
2019-10-24 07:00:00+00:00, 1.1137599999999999, 1.11344, 1.11392, 1.1135, 1.11384, 1.1135191666666666, 1.1135794454170531, green, 3.819198054166861e-05, -2.1373752121210893e-05, 5.9565732662879506e-05, 
2019-10-24 07:05:00+00:00, 1.11375, 1.11367, 1.11397, 1.11382, 1.11368, 1.1135358333333334, 1.1135707367433194, red, 3.447129988343178e-05, -1.0933127464121565e-05, 4.540442734755335e-05, 
2019-10-24 07:10:00+00:00, 1.1139675, 1.11367, 1.1141, 1.11367, 1.11405, 1.1136175000000001, 1.1137102771107867, green, 9.284671424536484e-05, 9.450434685837263e-06, 8.339627955952757e-05, 
2019-10-24 07:15:00+00:00, 1.1152725, 1.11407, 1.1159, 1.11407, 1.11556, 1.1139158333333337, 1.1142684687450566, green, 0.0003282940670881196, 7.280082935718957e-05, 0.00025549323773093, 
2019-10-24 07:20:00+00:00, 1.115925, 1.11532, 1.11618, 1.11556, 1.1161, 1.1141858333333332, 1.1146808639918566, green, 0.0004894517492890493, 0.0001554850771951167, 0.00033396667209393264, 
2019-10-24 07:25:00+00:00, 1.11607, 1.11584, 1.11628, 1.1161, 1.11608, 1.1143916666666667, 1.1149324726858278, red, 0.0005705897967631657, 0.00023845712367321045, 0.00033213267308995526, 
2019-10-24 07:30:00+00:00, 1.1149075000000002, 1.11443, 1.11606, 1.11606, 1.11457, 1.1143474999999998, 1.1146421115554908, red, 0.0004158606925139807, 0.000273901184064515, 0.00014195950844946573, 
2019-10-24 07:35:00+00:00, 1.11425, 1.11402, 1.11462, 1.11456, 1.11418, 1.1143816666666666, 1.1145039610111316, red, 0.0003328236245876415, 0.0002860869908162515, 4.673663377138999e-05, 
2019-10-24 07:40:00+00:00, 1.1141375, 1.11393, 1.11442, 1.11416, 1.1141, 1.1144216666666666, 1.1144187838216486, red, 0.00027685275912969765, 0.0002844745112559157, -7.621752126218051e-06, 
2019-10-24 07:45:00+00:00, 1.1142025, 1.11396, 1.11429, 1.11409, 1.11428, 1.11452, 1.1144179075076455, green, 0.00026079344825280515, 0.000279305337603099, -1.8511889350293848e-05, 
2019-10-24 07:50:00+00:00, 1.114355, 1.11422, 1.1144, 1.11429, 1.1144, 1.1146033333333334, 1.1144315007175714, green, 0.00024958978320932523, 0.0002731002698442146, -2.3510486634889364e-05, 
2019-10-24 07:55:00+00:00, 1.1146375, 1.11425, 1.11486, 1.1144, 1.11472, 1.1147033333333336, 1.1145264011904326, green, 0.0002741172412858983, 0.00027268703426216177, 1.430207023736551e-06, 
2019-10-24 08:00:00+00:00, 1.1132900000000001, 1.1128, 1.11476, 1.11471, 1.1128, 1.11447, 1.113907703312605, red, -3.8865952922684244e-07, 0.00021467392319325757, -0.0002150625827224844, 
2019-10-24 08:05:00+00:00, 1.11307, 1.11278, 1.11338, 1.11279, 1.11306, 1.1144091666666667, 1.1137698520917338, green, -6.153353170468279e-05, 0.00015496530041498823, -0.00021649883211967102, 
2019-10-24 08:10:00+00:00, 1.113135, 1.11291, 1.11331, 1.11308, 1.11316, 1.1142174999999999, 1.1136577997971309, green, -0.00012518355833956996, 9.526466672719676e-05, -0.0002204482250667667, 
2019-10-24 08:15:00+00:00, 1.112925, 1.11272, 1.11326, 1.11314, 1.11286, 1.1139225000000001, 1.1134775884385135, red, -0.00022608590987860389, 3.067461229914905e-05, -0.00025676052217775294, 
2019-10-24 08:20:00+00:00, 1.1129625, 1.11285, 1.11314, 1.11285, 1.11293, 1.1136658333333334, 1.1134029586357155, green, -0.0002691741538238812, -2.69310643194688e-05, -0.0002422430895044124, 
2019-10-24 08:25:00+00:00, 1.1126875, 1.1124, 1.11295, 1.11294, 1.1127, 1.1134908333333333, 1.1132613909967546, red, -0.0003204881177722996, -8.19320681962353e-05, -0.0002385560495760643, 
2019-10-24 08:30:00+00:00, 1.112775, 1.11248, 1.11294, 1.11268, 1.11284, 1.1133908333333336, 1.1132228569030294, green, -0.0003171971748776592, -0.00012497272813681006, -0.00019222444674084913, 
2019-10-24 08:35:00+00:00, 1.11295, 1.11282, 1.11302, 1.11286, 1.11298, 1.1133091666666668, 1.1132130194959011, green, -0.0002941475678897021, -0.00015394224821083173, -0.00014020531967887036, 
2019-10-24 08:40:00+00:00, 1.1128, 1.11272, 1.11304, 1.11298, 1.11272, 1.1131575, 1.1130981938487463, red, -0.0003191412785228387, -0.00018263817177750733, -0.00013650310674533136, 
2019-10-24 08:45:00+00:00, 1.1126199999999997, 1.1125, 1.11282, 1.11273, 1.11258, 1.1129941666666665, 1.1130153281441504, red, -0.0003355435745073798, -0.0002085709718766027, -0.0001269726026307771, 
2019-10-24 08:50:00+00:00, 1.1127775, 1.11258, 1.11291, 1.11259, 1.11281, 1.1128541666666665, 1.1130181744620453, green, -0.0003048800818190589, -0.0002258387186467536, -7.904136317230529e-05, 
2019-10-24 08:55:00+00:00, 1.1131000000000002, 1.11272, 1.11324, 1.1128, 1.11322, 1.1129233333333333, 1.113107355957175, green, -0.00021780227673584562, -0.00022433137652756008, 6.529099791714461e-06, 
2019-10-24 09:00:00+00:00, 1.11341, 1.11318, 1.11354, 1.11322, 1.11346, 1.1129766666666667, 1.1131950523363283, green, -0.00013796702625690216, -0.0002057223780095748, 6.775535175267263e-05, 
2019-10-24 09:05:00+00:00, 1.113245, 1.11314, 1.11352, 1.11347, 1.11316, 1.1129516666666668, 1.1131435866883637, red, -0.00013391386840688746, -0.00019018682666213467, 5.627295825524721e-05, 
2019-10-24 09:10:00+00:00, 1.1130475, 1.11301, 1.11316, 1.11316, 1.11301, 1.1129516666666666, 1.1131002838109691, red, -0.00014748857719948383, -0.0001808219581755091, 3.333338097602528e-05, 
2019-10-24 09:15:00+00:00, 1.11294, 1.11287, 1.11315, 1.11302, 1.11287, 1.1129350000000002, 1.1130368054390123, red, -0.00017647195189574028, -0.00018070814556449963, 4.236193668759352e-06, 
2019-10-24 09:20:00+00:00, 1.1129624999999999, 1.11285, 1.11306, 1.11286, 1.11297, 1.1129658333333337, 1.1130317136099808, green, -0.0001700238921382713, -0.00018115931906708042, 1.1135426928809126e-05, 
2019-10-24 09:25:00+00:00, 1.11287, 1.1128, 1.11308, 1.11298, 1.1128, 1.1129483333333334, 1.1129545422751554, red, -0.00018124527609697516, -0.00018545388786432224, 4.208611767347078e-06, 
2019-10-24 09:30:00+00:00, 1.11279, 1.11264, 1.11288, 1.11279, 1.11282, 1.1129366666666665, 1.112916434735326, green, -0.00017395181413037974, -0.0001849108972508246, 1.0959083120444854e-05, 
2019-10-24 09:35:00+00:00, 1.112695, 1.11256, 1.1129, 1.11282, 1.11266, 1.1129183333333332, 1.1128474384381952, red, -0.00019612034357630037, -0.00018936382041343026, -6.756523162870109e-06, 
2019-10-24 09:40:00+00:00, 1.1126075, 1.11254, 1.11277, 1.11265, 1.11256, 1.1129083333333332, 1.112773750432815, red, -0.00021976512180654773, -0.0001984705846316221, -2.1294537174925624e-05, 
2019-10-24 09:45:00+00:00, 1.1127275, 1.11256, 1.11279, 1.11258, 1.11278, 1.1129241666666667, 1.112797470588196, green, -0.00020579009683774352, -0.00020268494380842953, -3.1051530293139842e-06, 
2019-10-24 09:50:00+00:00, 1.1130050000000002, 1.11274, 1.11312, 1.11276, 1.11308, 1.1129375, 1.1128913901070092, green, -0.00017414427365158858, -0.00019887021929416876, 2.4725945642580183e-05, 
2019-10-24 09:55:00+00:00, 1.1130875, 1.11295, 1.11316, 1.11306, 1.11312, 1.1129125, 1.1129382704650579, green, -0.00014588421419636788, -0.00018883579639691447, 4.295158220054659e-05, 
2019-10-24 10:00:00+00:00, 1.1130575, 1.11291, 1.11314, 1.11313, 1.11309, 1.1129041666666668, 1.11296558663486, red, -0.00012745402953617813, -0.00017630952288717833, 4.885549335100021e-05, 
2019-10-24 10:05:00+00:00, 1.11295, 1.11288, 1.11312, 1.1131, 1.1129, 1.1128791666666666, 1.112927022717908, red, -0.0001452961954460097, -0.00016985787693752865, 2.4561681491518962e-05, 
2019-10-24 10:10:00+00:00, 1.1130475, 1.11288, 1.11311, 1.1129, 1.1131, 1.1129149999999999, 1.1129901561116742, green, -0.00011378404192341485, -0.00015751730663623388, 4.373326471281903e-05, 
2019-10-24 10:15:00+00:00, 1.11287, 1.11274, 1.11314, 1.11311, 1.1128, 1.1128758333333333, 1.112915720350994, red, -0.0001450291152895744, -0.00015332497984457702, 8.295864555002609e-06, 
2019-10-24 10:20:00+00:00, 1.11283, 1.11278, 1.11294, 1.11281, 1.1128, 1.1128758333333333, 1.1129033327315392, red, -0.00014695142691034668, -0.00015006642082525498, 3.1149939149083e-06, 
2019-10-24 10:25:00+00:00, 1.1127850000000001, 1.11268, 1.11284, 1.11281, 1.11281, 1.1128758333333333, 1.1128947067095623, black, -0.00014760024267168603, -0.0001482814533658463, 6.812106941602683e-07, 
2019-10-24 10:30:00+00:00, 1.1128524999999998, 1.11276, 1.11293, 1.1128, 1.11286, 1.1128966666666666, 1.112894147921869, green, -0.00014143493369123128, -0.0001469835901060952, 5.54865641486392e-06, 
2019-10-24 10:35:00+00:00, 1.11284, 1.1128, 1.11294, 1.11284, 1.11281, 1.1129133333333332, 1.1128621223485555, red, -0.00014174052168258733, -0.00014664670173175566, 4.906180049168334e-06, 
2019-10-24 10:40:00+00:00, 1.1126075, 1.1125, 1.11281, 1.1128, 1.11256, 1.1128741666666666, 1.1127633771659056, red, -0.00017357477259305476, -0.00015299874798369625, -2.057602460935851e-05, 
2019-10-24 10:45:00+00:00, 1.1125299999999998, 1.11222, 1.11266, 1.11254, 1.11262, 1.1128408333333333, 1.1127418591040734, green, -0.00017826470800730299, -0.00015880123612547966, -1.946347188182333e-05, 
2019-10-24 10:50:00+00:00, 1.1124749999999999, 1.11236, 1.11268, 1.11264, 1.11243, 1.1127675, 1.1126566852295448, red, -0.00021640917347864885, -0.00017080921319092735, -4.55999602877215e-05, 
2019-10-24 10:55:00+00:00, 1.11275, 1.11244, 1.11286, 1.11245, 1.11285, 1.1127825, 1.11275063419752, green, -0.0001761827663062654, -0.00017250516940952633, -3.677596896739066e-06, 
2019-10-24 11:00:00+00:00, 1.1128125000000002, 1.11277, 1.11294, 1.11286, 1.11277, 1.1127649999999998, 1.1127444786419936, red, -0.00017421152016905417, -0.00017300247393162114, -1.2090462374330258e-06, 
2019-10-24 11:05:00+00:00, 1.11273, 1.11262, 1.11284, 1.11276, 1.11273, 1.1127308333333332, 1.1127378511030661, red, -0.00017282637344884222, -0.0001726834877520169, -1.4288569682532914e-07, 
2019-10-24 11:10:00+00:00, 1.1128200000000001, 1.11269, 1.11301, 1.11272, 1.11279, 1.112735, 1.1127602057127413, green, -0.00015529153796101092, -0.00016841432254058338, 1.3122784579572467e-05, 
2019-10-24 11:15:00+00:00, 1.1128425, 1.11274, 1.11295, 1.11278, 1.11284, 1.1127425000000002, 1.1127872601455435, green, -0.00013714291347399765, -0.00016143599101706737, 2.4293077543069723e-05, 
2019-10-24 11:20:00+00:00, 1.1128675, 1.11273, 1.11294, 1.11284, 1.1129, 1.1127550000000002, 1.112820118012352, green, -0.0001161110978644686, -0.00015192330683984795, 3.581220897537935e-05, 
2019-10-24 11:25:00+00:00, 1.1129099999999998, 1.11286, 1.113, 1.1129, 1.11289, 1.1127566666666666, 1.112833560440906, red, -0.00010194841241206731, -0.0001414256215982373, 3.947720918616999e-05, 
2019-10-24 11:30:00+00:00, 1.1127325, 1.11266, 1.11293, 1.11291, 1.11267, 1.1127266666666666, 1.1127708504868634, red, -0.00011051818530227742, -0.0001350429160161139, 2.4524730713836496e-05, 
2019-10-24 11:35:00+00:00, 1.11263, 1.11256, 1.11272, 1.11268, 1.11262, 1.1127274999999999, 1.1127370116702822, red, -0.00010039064333411396, -0.00012734162904571802, 2.695098571160406e-05, 
2019-10-24 11:40:00+00:00, 1.1127500000000001, 1.11248, 1.11284, 1.11264, 1.11284, 1.1127641666666668, 1.112785812144112, green, -5.7672283965137794e-05, -0.00011379889334002658, 5.612660937488879e-05, 
2019-10-24 11:45:00+00:00, 1.1126325000000001, 1.11239, 1.11292, 1.11287, 1.11261, 1.11276, 1.1127150485612147, red, -7.676491280217412e-05, -0.00010652689956368582, 2.9761986761511696e-05, 
2019-10-24 11:50:00+00:00, 1.1126224999999998, 1.11248, 1.11277, 1.1126, 1.11262, 1.1127416666666667, 1.1126983380354403, green, -8.013127904704653e-05, -0.00010145747555985866, 2.1326196512812132e-05, 
2019-10-24 11:55:00+00:00, 1.112225, 1.11202, 1.11266, 1.11264, 1.11211, 1.1126441666666664, 1.112513752116721, red, -0.00015213474906583535, -0.00011207932828877141, -4.0055420777063944e-05, 
2019-10-24 12:00:00+00:00, 1.1124025, 1.11204, 1.11253, 1.11212, 1.11252, 1.1126608333333332, 1.1125734234167468, green, -0.00011296848485753408, -0.00011307496308752738, 1.0647822999330057e-07, 
2019-10-24 12:05:00+00:00, 1.112605, 1.11246, 1.11268, 1.1125, 1.11264, 1.1126583333333333, 1.1125996643158844, green, -9.092906841301485e-05, -0.00010969714826419938, 1.8768079851184537e-05, 
2019-10-24 12:10:00+00:00, 1.1127525, 1.11259, 1.11286, 1.11264, 1.11278, 1.1126650000000002, 1.1126504438041138, green, -5.5901499900201657e-05, -9.960716062900674e-05, 4.3705660728805086e-05, 
2019-10-24 12:15:00+00:00, 1.1127425, 1.11266, 1.11287, 1.11276, 1.11272, 1.1126449999999999, 1.1126573055537687, red, -5.268429959293108e-05, -9.050591375952212e-05, 3.782161416659104e-05, 
2019-10-24 12:20:00+00:00, 1.1130200000000001, 1.1127, 1.11318, 1.1127, 1.1131, 1.1126941666666668, 1.11279747738809, green, 7.724235800976587e-06, -7.049312209356858e-05, 7.821735789454516e-05, 
2019-10-24 12:25:00+00:00, 1.1130499999999999, 1.1129, 1.1133, 1.11308, 1.113, 1.112713333333333, 1.1128227110881255, red, 1.9217424009454476e-05, -5.294776191717831e-05, 7.216518592663278e-05, 
2019-10-24 12:30:00+00:00, 1.1130425000000002, 1.11287, 1.11342, 1.11302, 1.11294, 1.1127349999999998, 1.1128362839377899, red, 2.5176904922652454e-05, -3.716771973007315e-05, 6.234462465272561e-05, 
2019-10-24 12:35:00+00:00, 1.1130499999999999, 1.11258, 1.11334, 1.11295, 1.11314, 1.1127766666666663, 1.1129228091688856, green, 6.250611402847106e-05, -1.6767692823015664e-05, 7.927380685148673e-05, 
2019-10-24 12:40:00+00:00, 1.113385, 1.1131, 1.11382, 1.11312, 1.11331, 1.1128491666666667, 1.1130258293379822, green, 0.00010319370794587002, 8.563857812406874e-06, 9.462985013346314e-05, 
2019-10-24 12:45:00+00:00, 1.1134749999999998, 1.11328, 1.1137, 1.1133, 1.11346, 1.1129316666666667, 1.1131275845675668, green, 0.00014594505883702702, 3.6650860350604795e-05, 0.00010929419848642222, 
2019-10-24 12:50:00+00:00, 1.11443, 1.11332, 1.11508, 1.11347, 1.11466, 1.1132441666666668, 1.113582567061852, green, 0.0003396565750892755, 9.735827902592293e-05, 0.00024229829606335255, 
2019-10-24 12:55:00+00:00, 1.1149775, 1.11467, 1.11536, 1.11467, 1.11494, 1.1134691666666667, 1.1138660397887898, green, 0.00044597820303304836, 0.00016663454343954947, 0.0002793436595934989, 
2019-10-24 13:00:00+00:00, 1.1141275000000002, 1.11378, 1.11517, 1.11496, 1.11378, 1.1134675000000003, 1.1136733491126098, red, 0.0003425997763171207, 0.0002016066289150364, 0.00014099314740208428, 
2019-10-24 13:05:00+00:00, 1.114045, 1.11369, 1.11449, 1.1138, 1.114, 1.1135875000000002, 1.113759344751498, green, 0.00035958185494489037, 0.0002322814745517766, 0.00012730038039311377, 
2019-10-24 13:10:00+00:00, 1.1142675, 1.11381, 1.11446, 1.11399, 1.1144, 1.1137608333333333, 1.1139320319951986, green, 0.000413212884112113, 0.00026709584065713057, 0.00014611704345498242, 
2019-10-24 13:15:00+00:00, 1.1142, 1.114, 1.11454, 1.11442, 1.11413, 1.1138241666666666, 1.1139231924793873, red, 0.0003845728221207878, 0.0002896622841715551, 9.491053794923271e-05, 
2019-10-24 13:20:00+00:00, 1.1142075, 1.11405, 1.11434, 1.11414, 1.11422, 1.1139333333333332, 1.113987014053536, green, 0.0003876106872557905, 0.0003082319134050141, 7.937877385077638e-05, 
2019-10-24 13:25:00+00:00, 1.1135525, 1.11333, 1.11422, 1.1142, 1.11333, 1.1138916666666665, 1.113730919583263, red, 0.0002568541131195978, 0.00029795010622994526, -4.109599311034743e-05, 
2019-10-24 13:30:00+00:00, 1.113025, 1.11262, 1.11332, 1.11332, 1.11308, 1.1138658333333333, 1.1135780324352347, red, 0.00017019946252982976, 0.0002720611440090534, -0.00010186168147922366, 
2019-10-24 13:35:00+00:00, 1.11304, 1.11282, 1.11318, 1.1131, 1.11308, 1.1138466666666667, 1.1134747223942294, red, 0.00011212118195347287, 0.00023786681383217346, -0.0001257456318787006, 
2019-10-24 13:40:00+00:00, 1.1130825000000002, 1.11291, 1.11318, 1.11306, 1.11312, 1.1138216666666667, 1.1134039568600698, green, 7.149603380374181e-05, 0.00020187975637416835, -0.00013038372257042654, 
2019-10-24 13:45:00+00:00, 1.112045, 1.1116, 1.1131, 1.1131, 1.11174, 1.1134633333333332, 1.1129004073312645, red, -0.0001680057988819872, 0.00012787203269529188, -0.0002958778315772791, 
2019-10-24 13:50:00+00:00, 1.1115425, 1.11114, 1.11175, 1.11173, 1.11164, 1.1131799999999998, 1.1126614746929302, red, -0.00027800287416801517, 4.6741937910113844e-05, -0.000324744812078129, 
2019-10-24 13:55:00+00:00, 1.1115475, 1.11116, 1.11173, 1.11165, 1.11165, 1.1130033333333333, 1.1124777868260844, black, -0.0003433342706289366, -3.0990202929404264e-05, -0.0003123440676995324, 
2019-10-24 14:00:00+00:00, 1.111475, 1.11122, 1.11168, 1.11166, 1.1115, 1.1127824999999998, 1.1122839138255793, red, -0.0004150981168660195, -0.00010610073258716493, -0.0003089973842788546, 
2019-10-24 14:05:00+00:00, 1.1113600000000001, 1.11115, 1.11155, 1.11151, 1.11137, 1.112519166666667, 1.1121072079284606, red, -0.00047519004333795856, -0.0001777285381886024, -0.00029746150514935616, 
2019-10-24 14:10:00+00:00, 1.1113675, 1.11109, 1.11154, 1.11138, 1.11142, 1.1122975000000002, 1.1120087270939232, green, -0.0004946301775103912, -0.0002369959380304483, -0.0002576342394799429, 
2019-10-24 14:15:00+00:00, 1.11104, 1.11079, 1.11145, 1.11144, 1.11096, 1.1119875000000001, 1.1117695765268962, red, -0.0005737626464241696, -0.00029938176577936, -0.00027438088064480964, 
2019-10-24 14:20:00+00:00, 1.1111775000000002, 1.11097, 1.11138, 1.11097, 1.11118, 1.1118266666666672, 1.1117124862819847, green, -0.0005585147268787338, -0.0003483644371266465, -0.00021015028975208733, 
2019-10-24 14:25:00+00:00, 1.1113899999999999, 1.11119, 1.11153, 1.11119, 1.11142, 1.1117083333333335, 1.1116948872276602, green, -0.0005122896533988897, -0.0003800851163944705, -0.00013220453700441915, 
2019-10-24 14:30:00+00:00, 1.1115475000000001, 1.11134, 1.11173, 1.11142, 1.11156, 1.1115933333333337, 1.1116987168388917, green, -0.000467589548038605, -0.00039323951631002125, -7.435003172858373e-05, 
2019-10-24 14:35:00+00:00, 1.11119, 1.11102, 1.11162, 1.11155, 1.11106, 1.11138, 1.1115246068764537, red, -0.0005079911409127114, -0.00041230723415354757, -9.568390675916379e-05, 
2019-10-24 14:40:00+00:00, 1.11084, 1.11072, 1.11112, 1.11108, 1.11076, 1.1112733333333333, 1.1113490618460624, red, -0.0005317537326223754, -0.000434235967254178, -9.751776536819735e-05, 
2019-10-24 14:45:00+00:00, 1.1108625, 1.11069, 1.11096, 1.11078, 1.1109, 1.1112233333333335, 1.1112868719357079, green, -0.0005181369912341527, -0.0004500288076438158, -6.810818359033688e-05, 
2019-10-24 14:50:00+00:00, 1.110575, 1.11043, 1.11093, 1.11091, 1.11047, 1.1110891666666667, 1.1110709853947118, red, -0.0005780920764790753, -0.00047636758780432296, -0.00010172448867475239, 
2019-10-24 14:55:00+00:00, 1.1104675, 1.11018, 1.11057, 1.11048, 1.11056, 1.1110183333333332, 1.11097956416758, green, -0.0005652972517131705, -0.0004952711371952447, -7.002611451792579e-05, 
2019-10-24 15:00:00+00:00, 1.1100299999999999, 1.10958, 1.1106, 1.11054, 1.10997, 1.1108525, 1.1107065152948679, red, -0.0006402903067510568, -0.0005253976019766156, -0.00011489270477444118, 
2019-10-24 15:05:00+00:00, 1.1101100000000002, 1.10984, 1.11028, 1.10999, 1.11016, 1.1107633333333335, 1.1106288384603908, green, -0.0006433512025503241, -0.0005516456950533175, -9.170550749700653e-05, 
2019-10-24 15:10:00+00:00, 1.10985, 1.10968, 1.11028, 1.11018, 1.10972, 1.1106233333333333, 1.110384281982362, red, -0.0007077298661355425, -0.0005874657922302443, -0.00012026407390529814, 
2019-10-24 15:15:00+00:00, 1.1097000000000001, 1.10962, 1.1099, 1.10974, 1.10964, 1.1104883333333335, 1.1102170636577429, red, -0.0007410494996846761, -0.0006214885881423223, -0.00011956091154235386, 
2019-10-24 15:20:00+00:00, 1.1094475000000001, 1.10931, 1.10984, 1.10963, 1.10932, 1.1102866666666666, 1.1100066022880637, red, -0.0007987204466366471, -0.000659012152539874, -0.00013970829409677308, 
2019-10-24 15:25:00+00:00, 1.1095475, 1.10933, 1.10968, 1.10934, 1.10959, 1.1101450000000002, 1.1099742480419488, green, -0.0007784964461203803, -0.0006844143795179112, -9.408206660246909e-05, 
2019-10-24 15:30:00+00:00, 1.10964, 1.1095, 1.10974, 1.10957, 1.10966, 1.1100341666666667, 1.1099269264300982, green, -0.0007635604668709828, -0.0007014031821947925, -6.215728467619025e-05, 
2019-10-24 15:35:00+00:00, 1.109575, 1.10948, 1.10982, 1.10966, 1.1095, 1.1099158333333337, 1.1098298157911297, red, -0.0007732145234209398, -0.0007156209132709079, -5.759361015003183e-05, 
2019-10-24 15:40:00+00:00, 1.1095799999999998, 1.1095, 1.10972, 1.10952, 1.10955, 1.1098075000000003, 1.1097889323912935, green, -0.0007460771288050339, -0.0007217372723893422, -2.4339856415691685e-05, 
2019-10-24 15:45:00+00:00, 1.10947, 1.10936, 1.1096, 1.10956, 1.10946, 1.1097158333333335, 1.1097221296377544, red, -0.000729843793648044, -0.0007215196545048883, -8.32413914315564e-06, 
2019-10-24 15:50:00+00:00, 1.1096525, 1.10947, 1.10982, 1.10947, 1.10966, 1.1096575000000002, 1.109747526915133, green, -0.0006852701367152658, -0.0007128201308349812, 2.7549994119715343e-05, 
2019-10-24 15:55:00+00:00, 1.1097175, 1.10948, 1.10987, 1.10964, 1.10976, 1.1096483333333331, 1.10977153896504, green, -0.0006360991228404611, -0.0006962006346547462, 6.0101511814285085e-05, 
2019-10-24 16:00:00+00:00, 1.1097025, 1.10954, 1.10983, 1.10978, 1.10972, 1.1096083333333333, 1.1097571710662961, red, -0.0006069533056538567, -0.0006779278949882685, 7.09745893344118e-05, 
2019-10-24 16:05:00+00:00, 1.1097700000000001, 1.10934, 1.11, 1.10972, 1.10987, 1.1096333333333332, 1.1097982396482728, green, -0.0005536455388395201, -0.0006521732225479345, 9.852768370841448e-05, 
2019-10-24 16:10:00+00:00, 1.1100275000000002, 1.1098, 1.11013, 1.10988, 1.11009, 1.1096891666666666, 1.1098805312821929, green, -0.0004850142772856447, -0.0006185972744876798, 0.00013358299720203507, 
2019-10-24 16:15:00+00:00, 1.109995, 1.10988, 1.11022, 1.11008, 1.10994, 1.1097283333333332, 1.1098652167851697, red, -0.00046124838049399486, -0.0005881005362293, 0.00012685215573530518, 
2019-10-24 16:20:00+00:00, 1.1101825, 1.10984, 1.11037, 1.10992, 1.11026, 1.1098108333333332, 1.1099779750933827, green, -0.00039364304122635474, -0.0005499047893809633, 0.00015626174815460856, 
2019-10-24 16:25:00+00:00, 1.1103299999999998, 1.11018, 1.1104, 1.11026, 1.11037, 1.1098791666666667, 1.1100608009246493, green, -0.00034565329350821905, -0.0005108467897110727, 0.00016519349620285366, 
2019-10-24 16:30:00+00:00, 1.110385, 1.11024, 1.1106, 1.11036, 1.11035, 1.1099483333333333, 1.1101031236719994, red, -0.00031058259693073076, -0.0004722007413820427, 0.00016161814445131195, 
2019-10-24 16:35:00+00:00, 1.1105299999999998, 1.11034, 1.11066, 1.11034, 1.11056, 1.11005, 1.110213191089279, green, -0.00024684681244413476, -0.0004292899865547295, 0.00018244317411059472, 
2019-10-24 16:40:00+00:00, 1.1105375, 1.11047, 1.11066, 1.11054, 1.11051, 1.1101333333333334, 1.1102510658848823, red, -0.0002204987547682613, -0.0003894433480771778, 0.0001689445933089165, 
2019-10-24 16:45:00+00:00, 1.110695, 1.11049, 1.11077, 1.11052, 1.11076, 1.1102458333333332, 1.1103775142239503, green, -0.0001610798693674198, -0.000345319437954305, 0.0001842395685868852, 
2019-10-24 16:50:00+00:00, 1.110735, 1.11064, 1.11086, 1.11075, 1.11072, 1.1103224999999999, 1.1104299843473437, red, -0.00013653197376495285, -0.00030448670819179164, 0.0001679547344268388, 
2019-10-24 16:55:00+00:00, 1.110675, 1.11062, 1.11072, 1.11072, 1.11068, 1.1103991666666666, 1.110468085914352, red, -0.00011521234060229979, -0.00026794603836413075, 0.00015273369776183096, 
2019-10-24 17:00:00+00:00, 1.1108375000000001, 1.11066, 1.11091, 1.1107, 1.11089, 1.1105016666666665, 1.1105745340568163, green, -6.793770183000092e-05, -0.0002288895097425882, 0.00016095180791258728, 
2019-10-24 17:05:00+00:00, 1.110865, 1.1108, 1.11094, 1.1109, 1.11086, 1.1105633333333333, 1.110616865781615, red, -4.181187266572017e-05, -0.00019218003148111212, 0.00015036815881539194, 
2019-10-24 17:10:00+00:00, 1.110985, 1.11086, 1.11108, 1.11086, 1.111, 1.1106633333333333, 1.1107046521612531, green, 7.621077355857153e-06, -0.00015277098497686612, 0.00016039206233272327, 
2019-10-24 17:15:00+00:00, 1.1109925, 1.11095, 1.1111, 1.11102, 1.11096, 1.1107183333333335, 1.110744102066607, red, 2.7165272005857943e-05, -0.00011680109698254954, 0.00014396636898840747, 
2019-10-24 17:20:00+00:00, 1.1108399999999998, 1.11079, 1.11099, 1.11098, 1.11079, 1.1107391666666666, 1.1107269867956746, red, 2.0160037164096423e-05, -8.960086640640946e-05, 0.00010976090357050589, 
2019-10-24 17:25:00+00:00, 1.1107500000000001, 1.11068, 1.11084, 1.1108, 1.11074, 1.1107675, 1.1107222936662606, red, 2.0797533700323e-05, -6.745317001817786e-05, 8.825070371850086e-05, 
2019-10-24 17:30:00+00:00, 1.1107900000000002, 1.11066, 1.1109, 1.11072, 1.1108, 1.1107924999999998, 1.1107437101008855, green, 3.5738433258325486e-05, -4.665080545941444e-05, 8.238923871773993e-05, 
2019-10-24 17:35:00+00:00, 1.1106875, 1.11057, 1.11078, 1.11078, 1.1107, 1.1107999999999998, 1.1107226710378828, red, 3.403339255969584e-05, -3.0107903468545834e-05, 6.414129602824167e-05, 
2019-10-24 17:40:00+00:00, 1.1107075, 1.11068, 1.11075, 1.11071, 1.1107, 1.1107949999999998, 1.1107212009807503, red, 3.6317878455927044e-05, -1.645045171560304e-05, 5.2768330171530084e-05, 
2019-10-24 17:45:00+00:00, 1.110705, 1.11064, 1.1108, 1.1107, 1.11069, 1.1107916666666664, 1.1107134049815897, red, 3.764422756424857e-05, -5.074674403513499e-06, 4.271890196776207e-05, 
2019-10-24 17:50:00+00:00, 1.110595, 1.1105, 1.11068, 1.11068, 1.1106, 1.1107775, 1.11068306375426, red, 2.8831380558758113e-05, 2.1165756622239693e-06, 2.6714804896534144e-05, 
2019-10-24 17:55:00+00:00, 1.1105999999999998, 1.11045, 1.11065, 1.11058, 1.11065, 1.1107616666666666, 1.1106845635049047, green, 3.7783109941624815e-05, 9.403865871226218e-06, 2.8379244070398597e-05, 
2019-10-24 18:00:00+00:00, 1.11066, 1.1106, 1.11072, 1.11064, 1.11066, 1.110745833333333, 1.1106824282631056, green, 3.9195719389484296e-05, 1.581371832226469e-05, 2.3382001067219607e-05, 
2019-10-24 18:05:00+00:00, 1.1105425, 1.11047, 1.1107, 1.11066, 1.1105, 1.1106908333333332, 1.1106298818250173, red, 1.5075524534502449e-05, 1.6258012367506622e-05, -1.1824878330041728e-06, 
2019-10-24 18:10:00+00:00, 1.1106125, 1.1105, 1.11071, 1.11051, 1.11062, 1.1106725, 1.1106491627044148, green, 2.8473986556143416e-05, 1.9688982611933032e-05, 8.785003944210384e-06, 
2019-10-24 18:15:00+00:00, 1.1105749999999999, 1.1105, 1.11064, 1.1106, 1.11058, 1.1106516666666666, 1.1106343157649758, red, 2.709889072405325e-05, 2.1814063335440887e-05, 5.284827388612361e-06, 
2019-10-24 18:20:00+00:00, 1.11055, 1.11042, 1.11066, 1.1106, 1.11056, 1.110635, 1.1106199550492868, red, 2.5675650328293997e-05, 2.3470770463704047e-05, 2.2048798645899505e-06, 
2019-10-24 18:25:00+00:00, 1.1104725000000002, 1.11043, 1.11058, 1.11057, 1.11044, 1.1105950000000002, 1.1105719022288694, red, 1.2069496653444034e-05, 2.2238440060068974e-05, -1.016894340662494e-05, 
2019-10-24 18:30:00+00:00, 1.1104850000000002, 1.1104, 1.11052, 1.11045, 1.11051, 1.110585, 1.110574176847793, green, 1.787461765134779e-05, 2.2144721946291208e-05, -4.270104294943417e-06, 
2019-10-24 18:35:00+00:00, 1.110565, 1.11052, 1.11066, 1.11052, 1.11054, 1.1105741666666666, 1.110573733328812, green, 2.5151950061585993e-05, 2.355564906459612e-05, 1.5963009969898716e-06, 
2019-10-24 18:40:00+00:00, 1.110605, 1.11046, 1.1107, 1.11055, 1.11063, 1.1105766666666668, 1.110597804238181, green, 4.2854674678904914e-05, 2.7591641518868135e-05, 1.526303316003678e-05, 
2019-10-24 18:45:00+00:00, 1.1106924999999999, 1.11063, 1.11076, 1.11064, 1.11069, 1.1105891666666667, 1.1106214396014096, green, 6.255904026697401e-05, 3.454295312335261e-05, 2.8016087143621398e-05, 
2019-10-24 18:50:00+00:00, 1.1107, 1.11064, 1.11076, 1.1107, 1.1107, 1.1105941666666668, 1.1106366243071526, black, 7.540095962199622e-05, 4.310050325232028e-05, 3.230045636967594e-05, 
2019-10-24 18:55:00+00:00, 1.11083, 1.11066, 1.11094, 1.1107, 1.11086, 1.1106241666666667, 1.1107002942434172, green, 0.00010396323003969421, 5.547447537366538e-05, 4.848875466602883e-05, 
2019-10-24 19:00:00+00:00, 1.110795, 1.11074, 1.11092, 1.11084, 1.11076, 1.1106375, 1.1106962249185992, red, 0.00010410138946292946, 6.521777155650213e-05, 3.888361790642733e-05, 
2019-10-24 19:05:00+00:00, 1.110855, 1.11076, 1.1109, 1.11077, 1.11088, 1.1106691666666668, 1.110746463248237, green, 0.0001230273621766198, 7.681424193535281e-05, 4.621312024126699e-05, 
2019-10-24 19:10:00+00:00, 1.1108475000000002, 1.1108, 1.11091, 1.11086, 1.11084, 1.1106874999999998, 1.1107585705202812, red, 0.00012447504850521263, 8.648428658027461e-05, 3.799076192493801e-05, 
2019-10-24 19:15:00+00:00, 1.1107775, 1.11075, 1.11086, 1.11085, 1.11075, 1.1106958333333332, 1.1107432694060821, red, 0.00011377996486761077, 9.191994421009412e-05, 2.1860020657516656e-05, 
2019-10-24 19:20:00+00:00, 1.1107624999999999, 1.11072, 1.11085, 1.11074, 1.11074, 1.11072, 1.110740173025078, black, 0.00011061793482181059, 9.562170388917802e-05, 1.4996230932632571e-05, 
2019-10-24 19:25:00+00:00, 1.1107475, 1.11072, 1.11079, 1.11074, 1.11074, 1.1107391666666666, 1.1107389805741446, black, 0.0001029916593173752, 9.670218260691259e-05, 6.289476710462602e-06, 
2019-10-24 19:30:00+00:00, 1.11062, 1.11054, 1.11078, 1.11075, 1.11058, 1.1107291666666665, 1.1106838536109271, red, 7.258793331588187e-05, 9.124479831457004e-05, -1.8656864998688175e-05, 
2019-10-24 19:35:00+00:00, 1.11059, 1.11052, 1.11066, 1.1106, 1.11059, 1.1107266666666666, 1.1106657105183484, red, 5.6379246325510834e-05, 8.391333365267769e-05, -2.7534087327166858e-05, 
2019-10-24 19:40:00+00:00, 1.1106150000000001, 1.11052, 1.11068, 1.11058, 1.11063, 1.1107250000000002, 1.110663090545729, green, 4.743610088397965e-05, 7.589888694627799e-05, -2.846278606229834e-05, 
2019-10-24 19:45:00+00:00, 1.1105275000000001, 1.11043, 1.11064, 1.11064, 1.11052, 1.1107008333333332, 1.1106189995111797, red, 2.2297123569048338e-05, 6.470354816628475e-05, -4.240642459723641e-05, 
2019-10-24 19:50:00+00:00, 1.11043, 1.1104, 1.11052, 1.11052, 1.1104, 1.1106524999999998, 1.1105591792884444, red, -1.126596802469848e-05, 4.905975697157084e-05, -6.032572499626932e-05, 
2019-10-24 19:55:00+00:00, 1.110135, 1.10998, 1.11056, 1.11041, 1.11, 1.1105558333333332, 1.110397297378614, red, -8.658388347582147e-05, 2.195714181595194e-05, -0.0001085410252917734, 
2019-10-24 20:00:00+00:00, 1.1101375, 1.10995, 1.1102, 1.11001, 1.1102, 1.1105158333333334, 1.1103937558180281, green, -9.18196033401486e-05, -3.958065850742189e-07, -9.142379675507439e-05, 
2019-10-24 20:05:00+00:00, 1.110305, 1.1102, 1.11034, 1.1102, 1.11034, 1.1104858333333334, 1.110407313777369, green, -8.798351536221105e-05, -1.7295701829177344e-05, -7.068781353303371e-05, 
2019-10-24 20:10:00+00:00, 1.1103525, 1.11031, 1.11038, 1.11035, 1.11036, 1.1104550000000002, 1.1104043506497259, green, -8.949390925083733e-05, -3.103580172677848e-05, -5.845810752405885e-05, 
2019-10-24 20:15:00+00:00, 1.1103475, 1.11029, 1.1104, 1.11036, 1.11035, 1.1104216666666669, 1.1103966840629902, red, -9.224036187771567e-05, -4.232892884470154e-05, -4.9911433033014134e-05, 
2019-10-24 20:20:00+00:00, 1.110325, 1.1103, 1.11036, 1.11034, 1.11032, 1.1103841666666667, 1.1103809428668874, red, -9.5616902352047e-05, -5.2006961709211395e-05, -4.360994064283561e-05, 
2019-10-24 20:25:00+00:00, 1.1103524999999999, 1.11027, 1.1104, 1.1103, 1.11037, 1.1103708333333333, 1.1103882366372135, green, -8.660214677758127e-05, -5.8322426923746194e-05, -2.8279719853835074e-05, 
2019-10-24 20:30:00+00:00, 1.1103, 1.11028, 1.11036, 1.11036, 1.11028, 1.1103374999999998, 1.1103559020768738, red, -9.643671130699083e-05, -6.521245143208418e-05, -3.122425987490665e-05, 
2019-10-24 20:35:00+00:00, 1.1101975, 1.11016, 1.11027, 1.11027, 1.11018, 1.1102916666666665, 1.1103116102510096, red, -0.00011149638716845267, -7.386221822003843e-05, -3.7634168948414245e-05, 
2019-10-24 20:40:00+00:00, 1.11022, 1.1101, 1.11026, 1.1102, 1.11026, 1.1102766666666666, 1.110318600269235, green, -0.00010373940970120898, -7.875419334709518e-05, -2.4985216354113802e-05, 
2019-10-24 20:45:00+00:00, 1.1102699999999999, 1.11022, 1.1103, 1.11024, 1.11028, 1.1102683333333332, 1.1103152171772732, green, -9.779690719269318e-05, -8.188681951354894e-05, -1.5910087679144247e-05, 
2019-10-24 20:50:00+00:00, 1.11035, 1.11024, 1.1104, 1.11026, 1.11038, 1.110308333333333, 1.1103406375877443, green, -7.642933965779086e-05, -8.073124224041545e-05, 4.301902582624592e-06, 
2019-10-24 20:55:00+00:00, 1.1104425, 1.11035, 1.1105, 1.11036, 1.11046, 1.1103366666666665, 1.1103719186873078, green, -5.6024066070303746e-05, -7.61863266381935e-05, 2.016226056788975e-05, 
2019-10-24 21:00:00+00:00, 1.1104800000000001, 1.1104, 1.11052, 1.11052, 1.1105, 1.110353333333333, 1.1103980158235098, red, -4.034013215092891e-05, -6.950153826201167e-05, 2.9161406111082765e-05, 
2019-10-24 21:05:00+00:00, 1.110515, 1.11049, 1.11053, 1.11053, 1.11052, 1.1103683333333332, 1.1104215568037084, red, -2.857866763394945e-05, -6.201102904030556e-05, 3.343236140635611e-05, 
2019-10-24 21:10:00+00:00, 1.1104500000000002, 1.11042, 1.1105, 1.1105, 1.11044, 1.1103691666666669, 1.1104100762536913, red, -3.104030333811458e-05, -5.6938475347669087e-05, 2.5898172009554503e-05, 
2019-10-24 21:15:00+00:00, 1.1106624999999999, 1.11046, 1.11075, 1.11046, 1.11072, 1.1104258333333334, 1.1105050603395559, green, 1.2496181575283316e-05, -4.408068952956791e-05, 5.6576871104851225e-05, 
2019-10-24 21:20:00+00:00, 1.1105075000000002, 1.11044, 1.11071, 1.11068, 1.11044, 1.1104083333333337, 1.1104502828718863, red, -1.2282249031825287e-05, -3.842408642201488e-05, 2.6141837390189592e-05, 
2019-10-24 21:25:00+00:00, 1.110525, 1.11046, 1.11058, 1.11046, 1.11053, 1.110436666666667, 1.1104767721347377, green, 1.3304066341923715e-06, -3.0444543852845278e-05, 3.177495048703765e-05, 
2019-10-24 21:30:00+00:00, 1.110535, 1.11036, 1.1106, 1.11056, 1.11059, 1.1104758333333336, 1.1105097065098173, green, 1.5238315150156723e-05, -2.1323312547000117e-05, 3.656162769715684e-05, 
2019-10-24 21:35:00+00:00, 1.11059, 1.11059, 1.11059, 1.11059, 1.11059, 1.1105033333333334, 1.1105246230713464, black, 1.892107377288177e-05, -1.3619736681698389e-05, 3.254081045458016e-05, 
2019-10-24 21:40:00+00:00, 1.11061, 1.11061, 1.11061, 1.11061, 1.11061, 1.1105325, 1.1105411171173698, black, 2.4505969057564414e-05, -6.526355031364499e-06, 3.1032324088928915e-05, 
2019-10-24 21:45:00+00:00, 1.1105500000000001, 1.11054, 1.11058, 1.11058, 1.11054, 1.1105399999999999, 1.110528081030591, red, 1.7825019951844823e-05, -2.234170386477723e-06, 2.0059190338322546e-05, 
2019-10-24 21:50:00+00:00, 1.1105975, 1.11056, 1.11071, 1.11058, 1.11056, 1.11055, 1.1105346965750953, red, 2.2209588209642916e-05, 2.1413243296523143e-06, 2.0068263879990604e-05, 
2019-10-24 21:55:00+00:00, 1.1105200000000002, 1.1105, 1.11056, 1.11056, 1.11051, 1.1105466666666666, 1.1105223038754544, red, 1.4765027077423554e-05, 4.247687878336918e-06, 1.0517339199086636e-05, 
2019-10-24 22:00:00+00:00, 1.1105025, 1.11048, 1.11051, 1.1105, 1.11051, 1.1105458333333333, 1.1105161438769067, green, 8.599973710055053e-06, 4.4927408563495774e-06, 4.107232853705476e-06, 
2019-10-24 22:05:00+00:00, 1.1104824999999998, 1.11045, 1.1105, 1.1105, 1.11049, 1.1105483333333335, 1.1105096373347916, red, 1.8896259501577362e-06, 4.191823051620299e-06, -2.302197101462563e-06, 
2019-10-24 22:10:00+00:00, 1.1104625000000001, 1.11043, 1.11056, 1.11051, 1.11043, 1.110519166666667, 1.1104881997751652, red, -1.2324283472864295e-05, 1.12613887623283e-06, -1.3450422349097124e-05, 
2019-10-24 22:15:00+00:00, 1.110445, 1.11042, 1.11048, 1.11044, 1.11044, 1.1105200000000002, 1.1104820114490148, black, -1.464664989914155e-05, -1.7320476476814857e-06, -1.2914602251460066e-05, 
2019-10-24 22:20:00+00:00, 1.1104349999999998, 1.11042, 1.11048, 1.11046, 1.11042, 1.1105091666666667, 1.110469386822051, red, -2.1807782010219157e-05, -5.476275891044721e-06, -1.6331506119174436e-05, 
2019-10-24 22:25:00+00:00, 1.110395, 1.11038, 1.11042, 1.1104, 1.11039, 1.11049, 1.110451308849251, red, -2.919661165656784e-05, -1.0035966621028186e-05, -1.9160645035539653e-05, 
2019-10-24 22:30:00+00:00, 1.11042, 1.11039, 1.11045, 1.1104, 1.11042, 1.1104783333333332, 1.1104511545861846, green, -2.688494789460094e-05, -1.3135385214705288e-05, -1.3749562679895653e-05, 
2019-10-24 22:35:00+00:00, 1.1104850000000002, 1.11044, 1.1105, 1.11044, 1.1105, 1.1104758333333333, 1.1104724496775586, green, -1.6178378236197943e-05, -1.3527831442908372e-05, -2.650546793289571e-06, 
2019-10-24 22:40:00+00:00, 1.1104749999999999, 1.11046, 1.11052, 1.11052, 1.11046, 1.1104658333333333, 1.1104651767010272, red, -1.8319856434967363e-05, -1.3993074545451654e-05, -4.326781889515709e-06, 
2019-10-24 22:45:00+00:00, 1.110455, 1.11042, 1.11048, 1.11048, 1.11046, 1.1104575, 1.1104662275002162, red, -1.7486083550677378e-05, -1.4637605900592334e-05, -2.8484776500850446e-06, 
2019-10-24 22:50:00+00:00, 1.1104675, 1.11045, 1.1105, 1.11045, 1.11046, 1.1104533333333333, 1.1104637142582223, green, -1.6513543754426152e-05, -1.4520763610973175e-05, -1.9927801434529774e-06, 
2019-10-24 22:55:00+00:00, 1.1103875, 1.11037, 1.11044, 1.11044, 1.11037, 1.1104341666666666, 1.1104357677286525, red, -2.7670047205496928e-05, -1.6649749296182917e-05, -1.1020297909314011e-05, 
2019-10-24 23:00:00+00:00, 1.1103125, 1.11029, 1.11036, 1.11035, 1.1103, 1.1104125, 1.1104018060138336, red, -3.952614719393566e-05, -2.0944587395653183e-05, -1.8581559798282474e-05, 
2019-10-24 23:05:00+00:00, 1.11029, 1.11026, 1.1103, 1.11026, 1.1103, 1.1104016666666667, 1.1103836257955988, green, -4.20559467344539e-05, -2.4945038806853533e-05, -1.7110907927600365e-05, 
2019-10-24 23:10:00+00:00, 1.1103275000000001, 1.11028, 1.11035, 1.11028, 1.11034, 1.1103966666666667, 1.110381888665318, green, -3.981372306971487e-05, -2.7813569570811342e-05, -1.2000153498903526e-05, 
2019-10-24 23:15:00+00:00, 1.1103725, 1.11035, 1.1104, 1.11035, 1.11037, 1.110395, 1.1103833466530266, green, -3.353292900776239e-05, -2.894035524412143e-05, -4.592573763640961e-06, 
2019-10-24 23:20:00+00:00, 1.1103550000000002, 1.11031, 1.11037, 1.11035, 1.11037, 1.1103933333333333, 1.1103796734502454, green, -2.8423305950209254e-05, -2.914633361724363e-05, 7.23027667034377e-07, 
2019-10-24 23:25:00+00:00, 1.110385, 1.11038, 1.1104, 1.11038, 1.11038, 1.1103908333333332, 1.1103800472134389, black, -2.4765163036510884e-05, -2.8557414130327986e-05, 3.792251093817102e-06, 
2019-10-24 23:30:00+00:00, 1.11042, 1.11039, 1.11043, 1.11039, 1.11043, 1.1103891666666668, 1.1103958220758336, green, -1.5814498062649562e-05, -2.631283241324837e-05, 1.0498334350598806e-05, 
2019-10-24 23:35:00+00:00, 1.1103474999999998, 1.11032, 1.11043, 1.11042, 1.11032, 1.1103683333333334, 1.1103648049188708, red, -2.6741208032809993e-05, -2.6691844622800464e-05, -4.936341000952906e-08, 
2019-10-24 23:40:00+00:00, 1.11036, 1.11036, 1.11036, 1.11036, 1.11036, 1.1103633333333334, 1.1103701505717463, black, -2.160017886287946e-05, -2.5676662696444056e-05, 4.076483833564596e-06, 
2019-10-24 23:45:00+00:00, 1.1103475, 1.11033, 1.1104, 1.11037, 1.11033, 1.11035, 1.110359939720635, red, -2.4776572324913815e-05, -2.536948395004292e-05, 5.929116251291048e-07, 
2019-10-24 23:50:00+00:00, 1.11037, 1.11034, 1.11038, 1.11034, 1.11038, 1.1103549999999998, 1.11037212494768, green, -1.6892998595752218e-05, -2.3484255971643273e-05, 6.591257375891055e-06, 
2019-10-24 23:55:00+00:00, 1.110375, 1.11036, 1.11038, 1.11036, 1.11038, 1.1103616666666665, 1.110374143381772, green, -1.2655834358721307e-05, -2.1105593801310543e-05, 8.449759442589236e-06, 
2019-10-25 00:00:00+00:00, 1.110385, 1.11036, 1.11042, 1.11039, 1.11038, 1.110368333333333, 1.110375672618181, red, -9.788364485840972e-06, -1.8770243679314426e-05, 8.981879193473454e-06, 
2019-10-25 00:05:00+00:00, 1.1103399999999999, 1.11032, 1.1104, 1.1104, 1.11032, 1.1103616666666665, 1.1103566369250981, red, -1.637031569745595e-05, -1.8458810316991707e-05, 2.0884946195357564e-06, 
2019-10-25 00:10:00+00:00, 1.11031, 1.11028, 1.11032, 1.11031, 1.11032, 1.1103574999999999, 1.1103486802435283, green, -2.0263545208454303e-05, -1.9036538756168772e-05, -1.227006452285531e-06, 
2019-10-25 00:15:00+00:00, 1.1103174999999998, 1.11031, 1.11032, 1.11031, 1.11032, 1.1103533333333333, 1.1103418647071694, green, -2.27007622570774e-05, -2.0124608508053552e-05, -2.576153749023848e-06, 
2019-10-25 00:20:00+00:00, 1.11031, 1.11028, 1.11032, 1.11031, 1.11032, 1.1103483333333333, 1.1103374249091345, green, -2.3698261534699228e-05, -2.1073721304108232e-05, -2.6245402305909957e-06, 
2019-10-25 00:25:00+00:00, 1.1103725, 1.11034, 1.11043, 1.11034, 1.11036, 1.1103458333333334, 1.1103462333457386, green, -1.9487398304596226e-05, -2.0916301120556618e-05, 1.428902815960392e-06, 
2019-10-25 00:30:00+00:00, 1.11032, 1.11028, 1.1104, 1.11038, 1.1103, 1.1103391666666667, 1.1103289505469087, red, -2.7141977434474995e-05, -2.2088469883913662e-05, -5.0535075505613334e-06, 
2019-10-25 00:35:00+00:00, 1.1102500000000002, 1.11022, 1.11032, 1.11032, 1.11023, 1.1103224999999999, 1.1103008885023045, red, -3.940416699399485e-05, -2.5490978078876362e-05, -1.3913188915118487e-05, 
2019-10-25 00:40:00+00:00, 1.1103100000000001, 1.11024, 1.11034, 1.11024, 1.11033, 1.110330833333333, 1.1103215952574743, green, -2.951433067122089e-05, -2.624395575538098e-05, -3.270374915839911e-06, 
2019-10-25 00:45:00+00:00, 1.1102725, 1.11024, 1.11033, 1.11032, 1.11026, 1.110315, 1.110300178432077, red, -3.906556021138208e-05, -2.8803458484414126e-05, -1.0262101726967952e-05, 
2019-10-25 00:50:00+00:00, 1.110235, 1.11014, 1.11034, 1.11028, 1.11023, 1.1102999999999998, 1.110283505850734, red, -4.592835698224995e-05, -3.215047358484544e-05, -1.377788339740451e-05, 
2019-10-25 00:55:00+00:00, 1.1101800000000002, 1.11012, 1.11028, 1.11024, 1.11016, 1.1102758333333334, 1.1102510647522008, red, -5.7958754656084466e-05, -3.720632190012082e-05, -2.0752432755963647e-05, 
2019-10-25 01:00:00+00:00, 1.1102025, 1.11017, 1.11022, 1.11017, 1.11021, 1.1102708333333333, 1.1102512075436803, green, -5.5139885238641995e-05, -4.077820492946511e-05, -1.4361680309176886e-05, 
2019-10-25 01:05:00+00:00, 1.11023, 1.1102, 1.11028, 1.11022, 1.11022, 1.1102633333333334, 1.1102463733369046, black, -5.445149545657557e-05, -4.334372093995256e-05, -1.110777451662301e-05, 
2019-10-25 01:10:00+00:00, 1.110225, 1.11018, 1.11024, 1.11022, 1.11024, 1.1102583333333333, 1.1102483119646538, green, -5.119271472864284e-05, -4.486220780033596e-05, -6.330506928306883e-06, 
2019-10-25 01:15:00+00:00, 1.1102675, 1.11023, 1.11028, 1.11026, 1.11028, 1.1102583333333333, 1.1102603660259143, green, -4.341337402302692e-05, -4.437613503522458e-05, 9.627610121976644e-07, 
2019-10-25 01:20:00+00:00, 1.1102875, 1.11023, 1.11032, 1.11029, 1.1103, 1.1102550000000002, 1.110271916157893, green, -3.683781232743932e-05, -4.265049433246044e-05, 5.81268200502112e-06, 
2019-10-25 01:25:00+00:00, 1.1103049999999999, 1.11022, 1.11036, 1.11028, 1.11032, 1.1102583333333333, 1.1102829861700207, green, -3.0141137599137835e-05, -4.017896851588798e-05, 1.0037830916750145e-05, 
2019-10-25 01:30:00+00:00, 1.110295, 1.11027, 1.11033, 1.11032, 1.11029, 1.1102608333333333, 1.1102797986019177, red, -2.6960571534395683e-05, -3.754472927670034e-05, 1.0584157742304657e-05, 
2019-10-25 01:35:00+00:00, 1.11047, 1.1103, 1.11054, 1.1103, 1.11052, 1.110295833333333, 1.11035772312232, green, 7.822863642648059e-06, -2.8387939962032554e-05, 3.621080360468061e-05, 
2019-10-25 01:40:00+00:00, 1.1105, 1.11048, 1.11054, 1.11054, 1.11049, 1.1103125000000003, 1.1103785571923936, red, 1.7214633195372642e-05, -1.907072661034801e-05, 3.6285359805720654e-05, 
2019-10-25 01:45:00+00:00, 1.1103125, 1.11024, 1.11049, 1.11048, 1.11026, 1.1102958333333335, 1.1103230919873635, red, -6.0593477206882795e-06, -1.6381466460855915e-05, 1.0322118740167635e-05, 
2019-10-25 01:50:00+00:00, 1.1102850000000002, 1.11024, 1.11034, 1.11026, 1.11028, 1.1103075, 1.1103181589613818, green, -6.598027164184117e-06, -1.4427884705547793e-05, 7.829857541363676e-06, 
2019-10-25 01:55:00+00:00, 1.1102625, 1.11024, 1.11033, 1.11029, 1.11024, 1.1103066666666666, 1.1102974601053763, red, -1.4163139346434761e-05, -1.4571442543204224e-05, 4.0830319676946265e-07, 
2019-10-25 02:00:00+00:00, 1.1101375, 1.11007, 1.11024, 1.11023, 1.11012, 1.1102883333333333, 1.1102456324566763, red, -3.428146003447985e-05, -1.8783175532656088e-05, -1.549828450182376e-05, 
2019-10-25 02:05:00+00:00, 1.11025, 1.11012, 1.1103, 1.11012, 1.11029, 1.1103066666666666, 1.110277668674539, green, -1.8238418417748647e-05, -1.888806741356033e-05, 6.496489958116817e-07, 
2019-10-25 02:10:00+00:00, 1.1102949999999998, 1.11028, 1.11032, 1.11028, 1.11029, 1.1103075, 1.1102793119063494, green, -1.7005136178305236e-05, -1.894505239003584e-05, 1.939916211730605e-06, 
2019-10-25 02:15:00+00:00, 1.1102575, 1.11024, 1.11029, 1.11028, 1.11025, 1.1102999999999998, 1.1102666388654145, red, -2.1718938065795612e-05, -1.9830777645673866e-05, -1.8881604201217457e-06, 
2019-10-25 02:20:00+00:00, 1.1102675, 1.11022, 1.11029, 1.11024, 1.11028, 1.1102991666666666, 1.1102704512889425, green, -1.9169479762437547e-05, -2.0305998756995865e-05, 1.1365189945583185e-06, 
2019-10-25 02:25:00+00:00, 1.1103125, 1.11023, 1.11034, 1.11029, 1.11034, 1.1103083333333335, 1.1102903111936437, green, -9.79996228944735e-06, -1.8584590772832574e-05, 8.784628483385224e-06, 
2019-10-25 02:30:00+00:00, 1.110315, 1.11028, 1.11038, 1.11035, 1.1103, 1.1102866666666669, 1.1102885176910324, red, -1.2949229610370594e-05, -1.737747310657387e-05, 4.428243496203275e-06, 
2019-10-25 02:35:00+00:00, 1.110315, 1.1103, 1.11036, 1.11032, 1.1103, 1.1102708333333335, 1.1102923529817978, red, -1.3596733440923714e-05, -1.639873065087426e-05, 2.8019972099505463e-06, 
2019-10-25 02:40:00+00:00, 1.11042, 1.1103, 1.11046, 1.1103, 1.11046, 1.1103008333333333, 1.1103488601266507, green, 1.1259405903185637e-05, -1.0460123445469916e-05, 2.1719529348655553e-05, 
2019-10-25 02:45:00+00:00, 1.11039, 1.11036, 1.11044, 1.11044, 1.11038, 1.1103024999999997, 1.1103459451982773, red, 1.0104556741330484e-05, -5.7057555251157945e-06, 1.5810312266446278e-05, 
2019-10-25 02:50:00+00:00, 1.1103750000000001, 1.1103, 1.1104, 1.1104, 1.1104, 1.1103175, 1.110359371819954, black, 1.83582503301416e-05, -5.137483019974322e-07, 1.8871998632139035e-05, 
2019-10-25 02:55:00+00:00, 1.110385, 1.11036, 1.11044, 1.11042, 1.11037, 1.1103358333333333, 1.1103572202563738, red, 1.977239476813608e-05, 3.863579535121801e-06, 1.5908815233014278e-05, 
2019-10-25 03:00:00+00:00, 1.110325, 1.1103, 1.11036, 1.11036, 1.11032, 1.1103341666666666, 1.1103435404220687, red, 1.3535007143072875e-05, 6.16594973823155e-06, 7.369057404841324e-06, 
2019-10-25 03:05:00+00:00, 1.1103225, 1.1103, 1.11033, 1.1103, 1.11033, 1.1103383333333332, 1.1103429938642841, green, 1.3311565697726735e-05, 7.429646987722212e-06, 5.881918710004523e-06, 
2019-10-25 03:10:00+00:00, 1.11033, 1.11028, 1.11036, 1.11032, 1.11034, 1.1103466666666668, 1.110340588583777, green, 1.3540652797461306e-05, 8.154071490544279e-06, 5.386581306917027e-06, 
2019-10-25 03:15:00+00:00, 1.110315, 1.11028, 1.11036, 1.11036, 1.11031, 1.1103466666666668, 1.110327618960219, red, 7.95375504281104e-06, 7.920316354988537e-06, 3.3438687822502677e-08, 
2019-10-25 03:20:00+00:00, 1.1103175, 1.1103, 1.11033, 1.11032, 1.11032, 1.1103458333333334, 1.1103274035528985, black, 6.112395554591643e-06, 7.360248867427677e-06, -1.2478533128360338e-06, 
2019-10-25 03:25:00+00:00, 1.1102975, 1.11024, 1.11033, 1.1103, 1.11031, 1.1103458333333334, 1.1103205030093903, green, 3.5476306610160435e-06, 6.194641280707416e-06, -2.6470106196913728e-06, 
2019-10-25 03:30:00+00:00, 1.1103175, 1.11029, 1.11034, 1.11032, 1.11032, 1.1103483333333333, 1.1103215080855116, black, 1.266036464109277e-06, 5.195466097633252e-06, -3.929429633523975e-06, 
2019-10-25 03:35:00+00:00, 1.11029, 1.11028, 1.11032, 1.1103, 1.11028, 1.11033, 1.1103093550539778, red, -8.625822422780871e-06, 2.212419048066779e-06, -1.0838241470847651e-05, 
2019-10-25 03:40:00+00:00, 1.1101649999999998, 1.11012, 1.11026, 1.11026, 1.11014, 1.1102983333333332, 1.1102578101055, red, -2.9345368701916286e-05, -4.244037469262807e-06, -2.5101331232653477e-05, 
2019-10-25 03:45:00+00:00, 1.1101649999999998, 1.11012, 1.11018, 1.11015, 1.11018, 1.1102833333333333, 1.1102504320315771, green, -3.0815836167930044e-05, -9.44889067575697e-06, -2.1366945492173075e-05, 
2019-10-25 03:50:00+00:00, 1.1102075, 1.11017, 1.11022, 1.11018, 1.11022, 1.1102741666666665, 1.110252169212544, green, -2.905984023349184e-05, -1.3191779584376325e-05, -1.5868060649115515e-05, 
2019-10-25 03:55:00+00:00, 1.1102675, 1.11024, 1.11033, 1.11024, 1.11025, 1.1102708333333333, 1.110257239739443, green, -2.3266588229819973e-05, -1.5073023306400525e-05, -8.193564923419448e-06, 
2019-10-25 04:00:00+00:00, 1.11023, 1.11021, 1.11029, 1.11026, 1.11021, 1.1102575000000001, 1.1102433724358485, red, -2.779432982635832e-05, -1.7300330942365956e-05, -1.0493998883992365e-05, 
2019-10-25 04:05:00+00:00, 1.11023, 1.1102, 1.11024, 1.1102, 1.11024, 1.1102516666666664, 1.110248248636807, green, -2.4591381794003553e-05, -1.8347617313081355e-05, -6.243764480922198e-06, 
2019-10-25 04:10:00+00:00, 1.1102525, 1.11023, 1.11026, 1.11026, 1.11026, 1.1102491666666665, 1.1102545458886697, black, -1.9154157589351684e-05, -1.837929958130046e-05, -7.748580080512244e-07, 
2019-10-25 04:15:00+00:00, 1.1102825, 1.11026, 1.11029, 1.11028, 1.11029, 1.1102491666666665, 1.1102644038975182, green, -1.1820154161235052e-05, -1.6916403137832614e-05, 5.096248976597562e-06, 
2019-10-25 04:20:00+00:00, 1.11024, 1.1102, 1.11028, 1.11028, 1.11024, 1.1102391666666664, 1.1102526510183792, red, -1.572255166548686e-05, -1.6558000924219868e-05, 8.354492587330065e-07, 
2019-10-25 04:25:00+00:00, 1.1102075, 1.1102, 1.11023, 1.11022, 1.1102, 1.1102258333333332, 1.1102382764635852, red, -2.0627335802769764e-05, -1.7106614547400373e-05, -3.520721255369391e-06, 
2019-10-25 04:30:00+00:00, 1.110245, 1.11022, 1.11028, 1.11022, 1.11024, 1.1102258333333332, 1.1102450168647635, green, -1.5283661487730527e-05, -1.6512707992478934e-05, 1.2290465047484075e-06, 
2019-10-25 04:35:00+00:00, 1.11028, 1.11022, 1.1103, 1.11022, 1.1103, 1.1102441666666667, 1.11026418383761, green, -5.4865761893729825e-06, -1.4228064878808055e-05, 8.741488689435073e-06, 
2019-10-25 04:40:00+00:00, 1.110255, 1.11022, 1.11032, 1.11032, 1.11024, 1.1102441666666665, 1.11025039675966, red, -9.711100769305148e-06, -1.3444165527704747e-05, 3.733064758399599e-06, 
2019-10-25 04:45:00+00:00, 1.11025, 1.11024, 1.11028, 1.11024, 1.11024, 1.1102458333333332, 1.11024815203169, black, -9.510298278225804e-06, -1.2749331501681987e-05, 3.239033223456183e-06, 
2019-10-25 04:50:00+00:00, 1.11024, 1.11022, 1.11026, 1.11023, 1.11024, 1.1102449999999997, 1.110246071016746, green, -1.0192407257969549e-05, -1.2447261208546076e-05, 2.2548539505765273e-06, 
2019-10-25 04:55:00+00:00, 1.110215, 1.11018, 1.11024, 1.11022, 1.11022, 1.1102441666666665, 1.1102372312963429, black, -1.2167276178365327e-05, -1.2718776406336435e-05, 5.515002279711078e-07, 
2019-10-25 05:00:00+00:00, 1.110195, 1.11012, 1.11026, 1.11024, 1.1102, 1.1102391666666669, 1.1102260202471301, red, -1.615731009607657e-05, -1.3855178539287226e-05, -2.302131556789345e-06, 
2019-10-25 05:05:00+00:00, 1.1102275, 1.11015, 1.11032, 1.11018, 1.11022, 1.1102375, 1.110226800976359, green, -1.592624966506584e-05, -1.4563043735875476e-05, -1.3632059291903636e-06, 
2019-10-25 05:10:00+00:00, 1.11027, 1.11019, 1.11031, 1.1102, 1.11029, 1.1102433333333332, 1.1102483871859385, green, -7.464106594134989e-06, -1.3090565474701217e-05, 5.626458880566227e-06, 
2019-10-25 05:15:00+00:00, 1.1103225, 1.11026, 1.11035, 1.11028, 1.11034, 1.1102558333333334, 1.110273410871214, green, 2.345586052276971e-06, -9.966465108094126e-06, 1.2312051160371097e-05, 
2019-10-25 05:20:00+00:00, 1.11034, 1.11032, 1.11038, 1.11034, 1.11033, 1.1102658333333333, 1.1102821877584814, red, 5.569855427767223e-06, -6.919075514067805e-06, 1.2488930941835028e-05, 
2019-10-25 05:25:00+00:00, 1.110335, 1.1103, 1.11036, 1.11032, 1.11034, 1.1102750000000001, 1.1102945777493587, green, 9.403170916577608e-06, -3.680185436702031e-06, 1.3083356353279638e-05, 
2019-10-25 05:30:00+00:00, 1.110515, 1.11032, 1.11058, 1.11032, 1.11058, 1.1103183333333335, 1.1103822118462592, green, 4.53355759932883e-05, 6.202965366369562e-06, 3.913261062691874e-05, 
2019-10-25 05:35:00+00:00, 1.11054, 1.11052, 1.11056, 1.11056, 1.11054, 1.11034, 1.1104055001317594, red, 5.449829115500293e-05, 1.5956935343482765e-05, 3.854135581152016e-05, 
2019-10-25 05:40:00+00:00, 1.11056, 1.11052, 1.11058, 1.11054, 1.11057, 1.1103699999999999, 1.1104403119634276, green, 6.747197424816775e-05, 2.6340269897789744e-05, 4.113170435037801e-05, 
2019-10-25 05:45:00+00:00, 1.110655, 1.11057, 1.11069, 1.11058, 1.11068, 1.1104158333333334, 1.1105005974298696, green, 8.939490087245261e-05, 3.899059242410942e-05, 5.040430844834319e-05, 
2019-10-25 05:50:00+00:00, 1.110645, 1.1106, 1.1107, 1.1107, 1.11064, 1.1104475, 1.1105195652046567, red, 9.421847020196772e-05, 5.011806835093458e-05, 4.4100401851033136e-05, 
2019-10-25 05:55:00+00:00, 1.11084, 1.11062, 1.11094, 1.11063, 1.1109, 1.1105275000000001, 1.1106267162582997, green, 0.00013700862609433706, 6.754966086121335e-05, 6.94589652331237e-05, 
2019-10-25 06:00:00+00:00, 1.1106725, 1.11057, 1.11092, 1.1109, 1.1106, 1.1105341666666666, 1.11057664405122, red, 0.00010896715403263535, 7.57291764782366e-05, 3.323797755439875e-05, 
2019-10-25 06:05:00+00:00, 1.1106699999999998, 1.11058, 1.11074, 1.11061, 1.11068, 1.1105733333333334, 1.1106066647151895, green, 0.00011476464424209354, 8.330029653512857e-05, 3.146434770696497e-05, 
2019-10-25 06:10:00+00:00, 1.1105975, 1.11052, 1.11067, 1.11067, 1.1106, 1.1105883333333333, 1.1105921833740844, red, 0.00010077100552008389, 8.66087093696618e-05, 1.4162296150422088e-05, 
2019-10-25 06:15:00+00:00, 1.1105699999999998, 1.11052, 1.1106, 1.11058, 1.11058, 1.1106075000000002, 1.1105838888830284, black, 9.086210858932908e-05, 8.689898591254896e-05, 3.963122676780127e-06, 
2019-10-25 06:20:00+00:00, 1.11071, 1.11056, 1.1108, 1.1106, 1.11074, 1.1106541666666667, 1.1106342412303782, green, 0.00010720462493329919, 9.046415150403446e-05, 1.6740473429264723e-05, 
2019-10-25 06:25:00+00:00, 1.110775, 1.11066, 1.11084, 1.11076, 1.1108, 1.1106774999999998, 1.1106718749552322, green, 0.00011451810226481562, 9.48465962788031e-05, 1.9671505986012524e-05, 
2019-10-25 06:30:00+00:00, 1.1108925, 1.11071, 1.11098, 1.11081, 1.11094, 1.1107224999999998, 1.1107398871259262, green, 0.00013465180502936214, 0.00010241477896434451, 3.2237026065017627e-05, 
2019-10-25 06:35:00+00:00, 1.1108075, 1.11068, 1.11099, 1.11096, 1.11078, 1.1107266666666666, 1.1107236475841307, red, 0.00011841344007090804, 0.00010547548060655652, 1.2937959464351517e-05, 
2019-10-25 06:40:00+00:00, 1.11068, 1.11058, 1.1108, 1.1108, 1.11067, 1.1107166666666666, 1.1106957455804358, red, 9.876799809704906e-05, 0.00010368676987995953, -4.918771782910471e-06, 
2019-10-25 06:45:00+00:00, 1.110665, 1.11052, 1.11074, 1.11069, 1.1107, 1.1107241666666667, 1.1107032183580734, green, 9.391945499181986e-05, 0.00010190525444034917, -7.985799448529307e-06, 
2019-10-25 06:50:00+00:00, 1.110745, 1.11064, 1.1108, 1.11068, 1.11077, 1.1107191666666667, 1.110727215771988, green, 9.5444553329882e-05, 0.00010098582242747035, -5.541269097588349e-06, 
2019-10-25 06:55:00+00:00, 1.1109200000000001, 1.11074, 1.11098, 1.11076, 1.11098, 1.1107683333333334, 1.1108077036501578, green, 0.00012575985340679274, 0.00010674880704519179, 1.9011046361600958e-05, 
2019-10-25 07:00:00+00:00, 1.1111199999999999, 1.11094, 1.11126, 1.11096, 1.11114, 1.1108200000000001, 1.1108959557401863, green, 0.00015708956487325842, 0.00011748000709599615, 3.960955777726228e-05, 
2019-10-25 07:05:00+00:00, 1.1108875, 1.11071, 1.11116, 1.11114, 1.11084, 1.1108149999999999, 1.1108407872410715, red, 0.000128426725506392, 0.00012013656930900437, 8.290156197387629e-06, 
2019-10-25 07:10:00+00:00, 1.110805, 1.11066, 1.11124, 1.11086, 1.11066, 1.1108066666666667, 1.1107810422063662, red, 9.821221952233117e-05, 0.000116095389877783, -1.7883170355451836e-05, 
2019-10-25 07:15:00+00:00, 1.110605, 1.11048, 1.1108, 1.11068, 1.11057, 1.110785, 1.1107278770552054, red, 7.132422941102945e-05, 0.00010705802604466425, -3.5733796633634796e-05, 
2019-10-25 07:20:00+00:00, 1.110805, 1.11054, 1.11092, 1.11058, 1.11088, 1.1108174999999998, 1.1108014314975212, green, 9.940454930212894e-05, 0.00010570097989140242, -6.296430589273474e-06, 
2019-10-25 07:25:00+00:00, 1.1107775, 1.11071, 1.11092, 1.11089, 1.11074, 1.1107891666666665, 1.110771207728213, red, 7.810728937673872e-05, 0.0001000243014883991, -2.1917012111660376e-05, 
2019-10-25 07:30:00+00:00, 1.1108350000000002, 1.11061, 1.11091, 1.11072, 1.11091, 1.1108141666666669, 1.110819752146327, green, 9.579057062869545e-05, 9.938158801419162e-05, -3.591017385496173e-06, 
2019-10-25 07:35:00+00:00, 1.111145, 1.11088, 1.1113, 1.1109, 1.1112, 1.1108825, 1.1109328229784194, green, 0.00014140923977068454, 0.00010784161598027656, 3.356762379040797e-05, 
2019-10-25 07:40:00+00:00, 1.111185, 1.11108, 1.1113, 1.11118, 1.11118, 1.1109208333333334, 1.1109726137164018, black, 0.00015332918289745479, 0.00011678301521120457, 3.654616768625022e-05, 
2019-10-25 07:45:00+00:00, 1.111375, 1.11115, 1.11147, 1.1112, 1.11144, 1.1109983333333335, 1.1110941442784519, green, 0.00019913300604024187, 0.00013294542553086338, 6.618758050937849e-05, 
2019-10-25 07:50:00+00:00, 1.1114225, 1.11134, 1.11151, 1.11145, 1.11142, 1.1110333333333335, 1.1111531775051222, red, 0.00020949381386659027, 0.0001482432901598066, 6.125052370678367e-05, 
2019-10-25 07:55:00+00:00, 1.1113549999999999, 1.11124, 1.1115, 1.11143, 1.11134, 1.1110433333333336, 1.111178470740203, red, 0.0002060481741388287, 0.00016010715791628721, 4.5941016222541484e-05, 
2019-10-25 08:00:00+00:00, 1.1115475, 1.11124, 1.11177, 1.11132, 1.11159, 1.1111266666666666, 1.1112936984388482, green, 0.00024544616252542006, 0.0001774497462883843, 6.799641623703577e-05, 
2019-10-25 08:05:00+00:00, 1.1118525000000001, 1.11151, 1.112, 1.11158, 1.11195, 1.1112641666666667, 1.111463939985641, green, 0.00031051468825316064, 0.00020405579306466266, 0.00010645889518849798, 
2019-10-25 08:10:00+00:00, 1.111955, 1.1118, 1.11212, 1.11197, 1.11195, 1.1113791666666668, 1.1115532188852357, red, 0.00033737674601330703, 0.0002312034060858234, 0.00010617333992748364, 
2019-10-25 08:15:00+00:00, 1.1118050000000002, 1.11174, 1.112, 1.11193, 1.11174, 1.1114333333333333, 1.1115563549313636, red, 0.00031986631372227237, 0.00024921912403304, 7.064718968923238e-05, 
2019-10-25 08:20:00+00:00, 1.1117575, 1.1117, 1.11185, 1.11173, 1.11174, 1.1115166666666665, 1.1115871540989206, green, 0.00031645678879677064, 0.0002623883783882365, 5.406841040853414e-05, 
2019-10-25 08:25:00+00:00, 1.1118675, 1.11171, 1.11196, 1.11176, 1.1119, 1.1116125, 1.1116657470394458, green, 0.0003303254522835086, 0.0002752403046040759, 5.508514767943272e-05, 
2019-10-25 08:30:00+00:00, 1.1119925, 1.11188, 1.11203, 1.11191, 1.11203, 1.1116925, 1.111744543277927, green, 0.00034499923997821647, 0.0002875251484268743, 5.747409155134215e-05, 
2019-10-25 08:35:00+00:00, 1.1120225000000001, 1.11197, 1.11212, 1.11204, 1.112, 1.1117583333333336, 1.1117789501454498, red, 0.00034247682573096405, 0.00029727778207328914, 4.519904365767491e-05, 
2019-10-25 08:40:00+00:00, 1.1119675, 1.11182, 1.11209, 1.11202, 1.11198, 1.1118016666666666, 1.1118105496612556, red, 0.0003325752282459238, 0.00030383306095757876, 2.874216728834502e-05, 
2019-10-25 08:45:00+00:00, 1.1121225, 1.11197, 1.11228, 1.11199, 1.11212, 1.1118716666666668, 1.1118865521394616, green, 0.0003419741923234021, 0.0003112096566046259, 3.076453571877622e-05, 
2019-10-25 08:50:00+00:00, 1.1121599999999998, 1.11208, 1.11226, 1.1121, 1.11215, 1.1119416666666666, 1.1119373502766594, green, 0.00034048321334889664, 0.0003161370143900548, 2.434619895884182e-05, 
2019-10-25 08:55:00+00:00, 1.1121249999999998, 1.11208, 1.11226, 1.11213, 1.11208, 1.1119766666666668, 1.1119505147202968, red, 0.0003197315224083841, 0.0003165553538738274, 3.17616853455667e-06, 
2019-10-25 09:00:00+00:00, 1.111965, 1.11186, 1.1121, 1.11207, 1.11195, 1.1119658333333333, 1.1119355307236607, red, 0.0002868218605147632, 0.0003110265897487224, -2.420472923395919e-05, 
2019-10-25 09:05:00+00:00, 1.112, 1.11182, 1.1121, 1.11194, 1.11204, 1.1119808333333334, 1.1119725208717057, green, 0.0002826799816517678, 0.0003058038969262851, -2.3123915274517312e-05, 
2019-10-25 09:10:00+00:00, 1.112155, 1.11204, 1.11226, 1.11206, 1.11216, 1.1120258333333333, 1.1120254369029394, green, 0.00029089628302991777, 0.0003034478799192115, -1.255159688929371e-05, 
2019-10-25 09:15:00+00:00, 1.1122200000000002, 1.11203, 1.11231, 1.11214, 1.11227, 1.1120791666666667, 1.1120877941777774, green, 0.00029950217302432414, 0.00030295401502309234, -3.4518419987681986e-06, 
2019-10-25 09:20:00+00:00, 1.112095, 1.11201, 1.11227, 1.11226, 1.11205, 1.1120733333333332, 1.1120486351911614, red, 0.0002656957738573773, 0.0002961082882709176, -3.0412514413540308e-05, 
2019-10-25 09:25:00+00:00, 1.1119324999999998, 1.1118, 1.11205, 1.11204, 1.11194, 1.1120566666666667, 1.1120148172435824, red, 0.00023480771036687997, 0.00028502024721698764, -5.021253685010766e-05, 
2019-10-25 09:30:00+00:00, 1.1118575000000002, 1.11178, 1.11193, 1.11193, 1.11186, 1.1120383333333332, 1.1119779697206469, red, 0.00020184496291753007, 0.00026923496712556396, -6.73900042080339e-05, 
2019-10-25 09:35:00+00:00, 1.111875, 1.11182, 1.11196, 1.11188, 1.11186, 1.1120283333333334, 1.111957938312656, red, 0.00018097709170095122, 0.0002517684907569355, -7.079139905598428e-05, 
2019-10-25 09:40:00+00:00, 1.11176, 1.11169, 1.11187, 1.11184, 1.11174, 1.1119866666666665, 1.111899178723737, red, 0.00014403638165960686, 0.0002303435335377812, -8.630715187817433e-05, 
2019-10-25 09:45:00+00:00, 1.111625, 1.1115, 1.11176, 1.11176, 1.11162, 1.1119324999999998, 1.1118310321128462, red, 0.00010597632650144462, 0.00020619268985447276, -0.00010021636335302814, 
2019-10-25 09:50:00+00:00, 1.1117, 1.11162, 1.11176, 1.11164, 1.11171, 1.1119091666666667, 1.1118247122456224, green, 9.906993019548338e-05, 0.0001854924377865306, -8.642250759104722e-05, 
2019-10-25 09:55:00+00:00, 1.1115375, 1.11132, 1.11175, 1.1117, 1.11154, 1.1118608333333333, 1.1117493680619097, red, 6.288844661117565e-05, 0.0001612903473698446, -9.840190075866896e-05, 
2019-10-25 10:00:00+00:00, 1.111745, 1.11148, 1.11186, 1.11155, 1.11182, 1.1118658333333333, 1.111803239855736, green, 8.01456483801033e-05, 0.00014494100966246565, -6.479536128236235e-05, 
2019-10-25 10:05:00+00:00, 1.1118375, 1.11179, 1.11196, 1.11182, 1.1118, 1.111834166666667, 1.111800628819841, red, 7.237439296270409e-05, 0.00013061253114512013, -5.823813818241604e-05, 
